========================================
      FINAL EXPERIMENTAL STATISTICS      
========================================
Algorithm: AE-QTS   Problem: 6-bit #1
delta_theta: 0.003   num_neighbors(N): 10
Trials: 100   Iterations: 3000
----------------------------------------
Best Gate Counts per Trial: [208, 210, 208, 206, 206, 208, 208, 210, 206, 208, 208, 204, 206, 210, 208, 210, 208, 206, 208, 206, 204, 208, 212, 208, 206, 204, 206, 208, 208, 206, 208, 210, 206, 212, 208, 208, 208, 208, 206, 204, 202, 206, 204, 208, 212, 202, 208, 206, 210, 206, 208, 206, 206, 206, 202, 204, 214, 206, 208, 208, 204, 208, 208, 212, 206, 204, 204, 208, 204, 214, 206, 206, 204, 204, 200, 206, 214, 214, 206, 208, 204, 206, 212, 210, 208, 212, 206, 204, 204, 208, 206, 208, 210, 214, 210, 208, 204, 206, 204, 208]
Global Minimum Gate Count:  200
Worst Gate Count:           214
Final Result (Gen 3000): 207.24 ± 2.84
Average Time per Experiment: 97.62s
----------------------------------------
Best Circuit Structure:
[[0, 1, 0, 3, 1, 0], [0, 1, 0, 0, 1, 3], [0, 1, 0, 3, 1, 0], [1, 0, 0, 1, 3, 0], [1, 0, 0, 3, 1, 0], [3, 0, 1, 0, 1, 1], [1, 0, 3, 0, 1, 1], [1, 0, 0, 0, 1, 3], [1, 0, 0, 3, 1, 0], [1, 0, 0, 0, 1, 3], [1, 0, 0, 1, 3, 0], [1, 0, 3, 0, 1, 1], [1, 3, 1, 0, 1, 1], [1, 1, 1, 3, 1, 1], [1, 1, 1, 1, 3, 1], [1, 1, 1, 3, 1, 1], [1, 3, 1, 0, 1, 1], [3, 0, 1, 0, 1, 1], [1, 1, 0, 0, 3, 0], [3, 1, 0, 0, 1, 0], [1, 1, 0, 3, 1, 1], [1, 1, 0, 0, 1, 3], [1, 1, 0, 0, 3, 0], [1, 1, 0, 0, 1, 3], [1, 1, 0, 3, 1, 1], [1, 1, 0, 0, 1, 3], [1, 3, 0, 1, 1, 1], [1, 1, 0, 3, 1, 1], [1, 3, 0, 1, 1, 1], [1, 1, 0, 0, 1, 3], [1, 0, 3, 1, 0, 1], [1, 0, 0, 1, 3, 1], [1, 0, 3, 1, 0, 1], [3, 1, 1, 0, 0, 1], [1, 1, 1, 0, 0, 3], [1, 1, 1, 3, 0, 0], [1, 3, 1, 1, 0, 0], [1, 1, 1, 3, 0, 0], [3, 1, 1, 0, 0, 1], [1, 1, 1, 0, 1, 3], [1, 1, 1, 0, 3, 0], [1, 1, 1, 0, 1, 3], [1, 1, 3, 0, 1, 1], [1, 1, 0, 3, 0, 1], [1, 1, 0, 0, 3, 1], [0, 1, 1, 3, 0, 0], [0, 3, 1, 0, 1, 0], [0, 1, 1, 0, 3, 0], [0, 1, 1, 3, 0, 0], [0, 1, 1, 3, 1, 0], [0, 1, 1, 1, 1, 3], [3, 1, 1, 1, 1, 1], [0, 1, 1, 1, 1, 3], [0, 1, 1, 3, 1, 0], [0, 3, 1, 0, 1, 0], [0, 0, 3, 1, 1, 1], [0, 3, 1, 1, 1, 1], [3, 1, 1, 1, 1, 1], [0, 3, 1, 1, 1, 1], [3, 0, 1, 1, 1, 1], [1, 0, 1, 1, 1, 3], [3, 0, 1, 1, 1, 1], [0, 0, 3, 1, 1, 1], [1, 0, 1, 1, 3, 0], [1, 0, 1, 3, 0, 0], [1, 0, 1, 1, 3, 0], [1, 0, 1, 0, 0, 3], [1, 0, 3, 0, 0, 0], [1, 0, 1, 0, 0, 3], [0, 0, 3, 0, 0, 0], [3, 0, 1, 0, 0, 0], [1, 0, 1, 0, 0, 3], [1, 0, 1, 0, 3, 0], [3, 0, 1, 0, 0, 0], [0, 0, 3, 0, 0, 0], [3, 1, 0, 0, 0, 1], [1, 0, 1, 0, 0, 3], [1, 3, 0, 0, 0, 1], [1, 0, 3, 0, 0, 1], [1, 0, 1, 0, 0, 3], [1, 0, 1, 0, 3, 0], [1, 3, 0, 0, 0, 1], [3, 1, 0, 0, 0, 1], [0, 3, 0, 0, 0, 1], [1, 0, 0, 0, 3, 1], [3, 0, 0, 0, 0, 1], [0, 3, 0, 0, 0, 1], [1, 0, 0, 3, 0, 1], [1, 0, 0, 0, 3, 1], [0, 0, 3, 0, 0, 1], [0, 0, 0, 3, 0, 1], [3, 0, 0, 1, 0, 1], [0, 0, 0, 1, 1, 3], [0, 0, 0, 1, 3, 1], [0, 0, 0, 3, 0, 1], [0, 0, 0, 1, 1, 3], [0, 0, 0, 1, 3, 0], [3, 1, 1, 1, 0, 0], [0, 1, 3, 1, 0, 0], [0, 3, 0, 1, 0, 0], [0, 1, 3, 1, 0, 0], [0, 0, 0, 1, 3, 0], [0, 0, 1, 1, 0, 3], [0, 3, 1, 1, 0, 0], [3, 1, 1, 1, 0, 0], [0, 0, 1, 1, 3, 0], [0, 0, 1, 1, 0, 3], [0, 0, 1, 0, 3, 0], [3, 1, 0, 1, 1, 0], [0, 3, 0, 1, 1, 0], [0, 0, 3, 1, 1, 0], [0, 0, 1, 3, 1, 0], [0, 3, 0, 1, 1, 0], [0, 0, 1, 0, 3, 0], [0, 1, 3, 0, 0, 0], [0, 1, 0, 3, 0, 0], [0, 1, 0, 1, 3, 0], [3, 1, 0, 1, 1, 0], [0, 1, 3, 0, 0, 0], [0, 1, 3, 1, 0, 0], [0, 3, 1, 1, 1, 1], [0, 1, 1, 1, 1, 3], [0, 1, 1, 1, 3, 0], [0, 1, 1, 1, 1, 3], [0, 1, 3, 1, 0, 0], [0, 1, 3, 1, 0, 1], [0, 1, 1, 1, 3, 1], [0, 3, 1, 1, 1, 1], [0, 1, 1, 1, 3, 1], [3, 1, 1, 1, 1, 0], [0, 1, 1, 1, 1, 3], [0, 1, 1, 1, 3, 1], [0, 1, 3, 1, 0, 1], [0, 1, 1, 0, 1, 3], [0, 1, 1, 3, 1, 0], [3, 1, 1, 1, 1, 0], [0, 1, 1, 0, 1, 3], [0, 1, 1, 0, 3, 1], [0, 1, 3, 0, 0, 0], [0, 1, 1, 0, 0, 3], [0, 1, 1, 0, 3, 1], [0, 1, 1, 1, 0, 3], [0, 1, 1, 3, 0, 0], [0, 1, 3, 0, 0, 0], [0, 1, 1, 1, 0, 3], [1, 1, 0, 1, 0, 3], [1, 1, 3, 1, 0, 1], [3, 1, 1, 1, 0, 1], [1, 1, 1, 3, 0, 1], [1, 3, 1, 0, 1, 1], [1, 1, 1, 0, 3, 1], [1, 1, 1, 3, 0, 1], [1, 1, 3, 1, 0, 1], [1, 1, 0, 1, 0, 3], [1, 3, 1, 0, 1, 1], [1, 1, 3, 0, 1, 0], [0, 3, 0, 0, 1, 1], [3, 1, 0, 0, 1, 1], [1, 1, 0, 0, 1, 3], [3, 1, 0, 0, 1, 1], [1, 1, 3, 0, 1, 0], [1, 1, 1, 0, 3, 1], [0, 1, 3, 0, 1, 1], [3, 1, 1, 0, 1, 1], [0, 1, 3, 0, 1, 1], [0, 3, 0, 0, 1, 1], [0, 1, 1, 3, 1, 1], [3, 1, 1, 0, 1, 1], [0, 1, 1, 3, 1, 1], [1, 1, 1, 0, 3, 1], [0, 1, 3, 1, 1, 1], [0, 3, 0, 1, 1, 1], [3, 0, 0, 0, 0, 1], [0, 0, 0, 3, 0, 1], [0, 0, 0, 1, 3, 1], [0, 3, 0, 1, 1, 1], [3, 0, 0, 0, 0, 1], [0, 3, 0, 1, 0, 1], [0, 1, 1, 1, 3, 0], [0, 1, 1, 1, 0, 3], [0, 1, 3, 1, 0, 1], [0, 3, 0, 1, 0, 1], [0, 1, 1, 1, 0, 3], [0, 1, 1, 1, 3, 0], [0, 3, 1, 1, 1, 0], [1, 0, 3, 1, 1, 0], [3, 0, 1, 1, 1, 0], [0, 3, 1, 1, 1, 0], [1, 0, 1, 1, 1, 3], [1, 0, 3, 1, 1, 0], [1, 0, 1, 1, 1, 3], [0, 0, 0, 3, 1, 0], [3, 0, 1, 1, 1, 0], [0, 0, 3, 1, 1, 0], [0, 0, 0, 3, 1, 0], [3, 0, 1, 1, 1, 0], [1, 0, 1, 1, 1, 3], [0, 0, 0, 3, 1, 0], [0, 0, 0, 1, 3, 0], [0, 0, 0, 3, 1, 0]]
========================================
