========================================
      FINAL EXPERIMENTAL STATISTICS      
========================================
Algorithm: AE-QTS   Problem: 6-bit #1
delta_theta: 0.001   num_neighbors(N): 10
Trials: 100   Iterations: 3000
----------------------------------------
Best Gate Counts per Trial: [238, 244, 244, 242, 240, 238, 236, 244, 242, 244, 240, 242, 244, 244, 242, 244, 242, 244, 240, 240, 240, 240, 240, 240, 240, 242, 244, 242, 242, 242, 242, 244, 240, 242, 244, 242, 242, 242, 242, 242, 242, 242, 244, 240, 244, 240, 242, 244, 244, 244, 242, 240, 242, 242, 244, 244, 242, 240, 246, 240, 244, 242, 244, 240, 240, 240, 244, 244, 240, 238, 238, 236, 242, 242, 244, 244, 242, 242, 242, 242, 242, 244, 244, 244, 242, 244, 242, 240, 244, 240, 238, 244, 240, 240, 244, 240, 244, 242, 242, 242]
Global Minimum Gate Count:  236
Worst Gate Count:           246
Final Result (Gen 3000): 241.88 ± 1.98
Average Time per Experiment: 99.02s
----------------------------------------
Best Circuit Structure:
[[0, 1, 1, 3, 0, 0], [0, 3, 1, 0, 0, 0], [0, 0, 1, 0, 3, 0], [0, 3, 1, 0, 0, 0], [0, 1, 1, 3, 0, 0], [1, 3, 1, 1, 1, 1], [0, 0, 1, 0, 1, 3], [0, 0, 1, 3, 1, 1], [3, 0, 1, 1, 1, 1], [0, 0, 1, 3, 1, 1], [1, 3, 1, 1, 1, 1], [0, 0, 1, 0, 1, 3], [1, 3, 1, 1, 1, 1], [3, 0, 0, 1, 1, 1], [1, 0, 3, 1, 1, 1], [3, 0, 0, 1, 1, 1], [1, 3, 1, 1, 1, 1], [3, 0, 1, 1, 1, 0], [0, 0, 1, 1, 1, 3], [0, 0, 3, 1, 1, 1], [0, 0, 1, 1, 1, 3], [3, 0, 1, 1, 1, 0], [1, 0, 1, 0, 3, 0], [1, 0, 1, 3, 1, 0], [1, 0, 1, 0, 3, 0], [1, 0, 1, 0, 0, 3], [1, 0, 3, 0, 0, 0], [3, 0, 0, 0, 0, 0], [1, 0, 3, 0, 0, 1], [1, 0, 0, 0, 0, 3], [1, 0, 3, 0, 0, 1], [3, 0, 0, 0, 0, 0], [3, 0, 1, 0, 1, 0], [0, 0, 1, 0, 3, 0], [0, 0, 3, 0, 0, 0], [0, 1, 3, 0, 0, 1], [0, 1, 1, 0, 0, 3], [0, 3, 1, 0, 0, 0], [0, 1, 1, 0, 0, 3], [0, 0, 1, 0, 3, 0], [3, 0, 1, 0, 1, 0], [0, 1, 3, 0, 0, 1], [1, 0, 0, 0, 3, 1], [3, 0, 0, 0, 0, 1], [0, 3, 0, 0, 0, 1], [3, 0, 0, 0, 0, 1], [1, 0, 0, 3, 0, 1], [1, 0, 0, 0, 3, 1], [0, 0, 3, 0, 0, 1], [3, 0, 0, 0, 0, 1], [1, 0, 0, 3, 0, 1], [3, 0, 0, 0, 0, 1], [0, 0, 0, 1, 1, 3], [0, 0, 0, 3, 0, 1], [0, 0, 0, 1, 3, 1], [0, 0, 0, 3, 0, 1], [0, 0, 0, 1, 1, 3], [1, 1, 1, 1, 3, 0], [3, 0, 0, 1, 1, 0], [1, 3, 0, 1, 1, 0], [1, 1, 3, 1, 1, 0], [1, 3, 0, 1, 1, 0], [3, 0, 0, 1, 1, 0], [1, 1, 1, 1, 3, 0], [0, 0, 1, 1, 0, 3], [3, 0, 1, 1, 0, 0], [1, 3, 1, 1, 0, 0], [3, 0, 1, 1, 0, 0], [0, 0, 1, 1, 3, 0], [0, 0, 1, 1, 0, 3], [0, 0, 1, 0, 3, 0], [0, 0, 1, 3, 1, 0], [0, 0, 1, 0, 3, 0], [1, 1, 0, 3, 1, 0], [3, 1, 0, 0, 1, 0], [0, 1, 3, 0, 1, 0], [0, 3, 1, 0, 0, 0], [0, 1, 1, 0, 3, 0], [0, 1, 3, 0, 1, 0], [3, 1, 0, 0, 1, 0], [1, 1, 0, 3, 1, 0], [0, 3, 1, 0, 0, 0], [0, 1, 1, 3, 0, 0], [0, 1, 1, 1, 3, 0], [0, 1, 3, 1, 1, 0], [3, 1, 0, 1, 1, 0], [0, 1, 3, 1, 1, 0], [0, 1, 1, 1, 3, 0], [0, 1, 3, 1, 0, 0], [0, 1, 1, 3, 0, 0], [0, 0, 1, 1, 3, 1], [0, 0, 3, 1, 0, 1], [0, 1, 0, 1, 0, 3], [0, 3, 0, 1, 0, 1], [0, 1, 0, 1, 0, 3], [0, 3, 0, 1, 0, 1], [0, 0, 3, 1, 0, 1], [0, 0, 1, 1, 3, 1], [1, 1, 1, 1, 1, 3], [1, 1, 1, 1, 3, 1], [3, 1, 0, 1, 0, 1], [1, 1, 3, 1, 0, 1], [1, 1, 1, 1, 3, 1], [3, 1, 0, 1, 0, 1], [1, 1, 1, 1, 1, 3], [3, 1, 1, 0, 1, 1], [1, 1, 1, 3, 1, 0], [1, 1, 1, 0, 1, 3], [1, 1, 1, 3, 1, 0], [3, 1, 1, 0, 1, 1], [0, 1, 0, 0, 3, 0], [0, 1, 1, 0, 1, 3], [0, 1, 3, 0, 1, 0], [0, 1, 1, 0, 1, 3], [0, 1, 0, 0, 3, 0], [0, 1, 1, 1, 0, 3], [0, 1, 3, 0, 0, 0], [0, 1, 1, 3, 0, 0], [0, 1, 3, 0, 0, 0], [1, 1, 3, 1, 0, 0], [3, 1, 1, 1, 0, 0], [0, 1, 1, 1, 0, 3], [1, 0, 1, 0, 3, 1], [1, 3, 1, 0, 0, 1], [1, 1, 1, 3, 0, 0], [1, 1, 1, 0, 0, 3], [1, 1, 1, 3, 0, 0], [1, 3, 1, 0, 0, 1], [1, 0, 1, 0, 3, 1], [1, 1, 3, 1, 0, 0], [3, 1, 1, 0, 0, 1], [0, 1, 1, 3, 1, 1], [0, 1, 1, 0, 3, 1], [0, 1, 1, 3, 1, 1], [3, 1, 1, 0, 0, 1], [0, 1, 3, 1, 1, 1], [1, 0, 0, 3, 0, 1], [3, 1, 0, 1, 1, 1], [1, 3, 0, 1, 0, 1], [1, 1, 0, 1, 3, 1], [1, 3, 0, 1, 0, 1], [3, 1, 0, 1, 1, 1], [1, 0, 0, 3, 0, 1], [3, 0, 0, 1, 0, 1], [1, 0, 0, 3, 0, 1], [3, 0, 0, 1, 0, 1], [0, 3, 0, 1, 0, 1], [0, 1, 0, 1, 0, 3], [0, 1, 0, 1, 3, 0], [0, 1, 3, 1, 1, 0], [0, 1, 0, 1, 3, 0], [0, 1, 0, 1, 0, 3], [0, 3, 0, 1, 0, 1], [3, 1, 1, 1, 1, 0], [1, 0, 3, 1, 1, 0], [1, 3, 1, 1, 1, 0], [3, 1, 1, 1, 1, 0], [1, 0, 1, 1, 1, 3], [1, 0, 3, 1, 1, 0], [0, 0, 0, 3, 1, 0], [0, 0, 3, 1, 1, 0], [1, 0, 1, 1, 1, 3], [3, 0, 1, 1, 1, 0], [0, 0, 3, 1, 1, 0], [1, 0, 1, 1, 1, 3], [0, 0, 0, 1, 3, 0], [0, 0, 0, 3, 1, 0], [1, 1, 1, 3, 1, 0], [1, 3, 1, 1, 1, 0], [0, 0, 3, 1, 0, 0], [3, 0, 1, 1, 0, 0], [1, 0, 1, 1, 3, 0], [3, 0, 1, 1, 0, 0], [1, 3, 1, 1, 1, 0], [0, 0, 3, 1, 0, 0], [1, 1, 1, 3, 1, 0], [1, 3, 1, 0, 1, 0], [3, 0, 0, 0, 1, 1], [1, 0, 3, 0, 1, 0], [1, 0, 0, 0, 1, 3], [1, 0, 3, 0, 1, 0], [1, 3, 1, 0, 1, 0], [3, 0, 0, 0, 1, 1], [1, 1, 0, 0, 3, 0], [3, 1, 0, 0, 1, 0], [1, 1, 0, 0, 1, 3], [1, 1, 0, 3, 1, 1], [1, 1, 0, 0, 1, 3], [1, 1, 0, 0, 3, 0], [1, 1, 0, 3, 1, 1], [1, 1, 0, 0, 1, 3], [1, 1, 0, 3, 1, 1], [1, 1, 0, 0, 1, 3], [1, 0, 0, 3, 1, 1], [1, 3, 0, 0, 1, 1], [1, 0, 0, 3, 1, 1], [1, 1, 0, 0, 1, 3], [1, 0, 3, 1, 0, 1], [1, 0, 0, 1, 3, 1], [1, 0, 3, 1, 0, 1], [1, 3, 1, 1, 0, 0], [1, 1, 1, 3, 0, 0], [1, 1, 1, 0, 0, 3], [3, 1, 1, 0, 0, 1], [1, 1, 1, 0, 0, 3], [1, 1, 1, 3, 0, 0], [1, 3, 1, 1, 0, 0], [0, 1, 1, 0, 0, 3], [3, 1, 1, 0, 0, 0], [0, 1, 1, 0, 0, 3], [1, 1, 1, 0, 3, 0], [1, 1, 1, 0, 1, 3], [1, 1, 1, 0, 3, 0], [1, 1, 3, 0, 1, 1], [1, 1, 0, 3, 0, 1], [1, 1, 0, 0, 3, 1], [1, 0, 0, 3, 0, 0], [1, 0, 0, 0, 3, 0], [0, 0, 1, 0, 1, 3], [0, 0, 3, 0, 1, 0], [3, 0, 0, 0, 0, 0], [0, 0, 0, 0, 3, 0], [0, 0, 3, 0, 1, 0], [0, 0, 1, 0, 1, 3], [3, 0, 0, 0, 0, 0], [1, 0, 0, 3, 0, 0], [1, 1, 1, 1, 3, 1], [3, 0, 1, 0, 1, 1], [1, 1, 1, 3, 1, 1], [1, 3, 1, 0, 1, 1], [1, 1, 1, 3, 1, 1], [1, 1, 1, 1, 3, 1], [3, 0, 1, 0, 1, 1], [0, 1, 0, 3, 1, 1], [0, 1, 0, 1, 1, 3], [0, 1, 0, 3, 1, 1]]
========================================
