========================================
      FINAL EXPERIMENTAL STATISTICS      
========================================
Algorithm: AE-QTS   Problem: 6-bit #1
delta_theta: 0.01   num_neighbors(N): 10
Trials: 100   Iterations: 3000
----------------------------------------
Best Gate Counts per Trial: [186, 186, 178, 186, 186, 182, 182, 190, 186, 182, 180, 182, 184, 186, 186, 188, 186, 182, 180, 186, 184, 182, 186, 182, 184, 184, 178, 180, 186, 186, 186, 184, 180, 184, 178, 184, 184, 190, 186, 186, 182, 176, 186, 186, 186, 182, 178, 190, 186, 184, 182, 186, 182, 182, 184, 186, 182, 182, 182, 186, 178, 182, 182, 190, 180, 188, 184, 182, 178, 182, 180, 188, 186, 186, 184, 180, 182, 182, 184, 188, 180, 184, 182, 182, 182, 186, 184, 186, 182, 186, 182, 184, 182, 184, 190, 188, 182, 178, 184, 188]
Global Minimum Gate Count:  176
Worst Gate Count:           190
Final Result (Gen 3000): 183.70 ± 3.05
Average Time per Experiment: 94.02s
----------------------------------------
Best Circuit Structure:
[[0, 0, 0, 1, 3, 0], [3, 1, 1, 0, 1, 0], [0, 1, 3, 0, 1, 0], [0, 3, 0, 0, 1, 0], [0, 0, 0, 3, 1, 0], [0, 0, 0, 1, 3, 0], [0, 3, 0, 0, 1, 1], [0, 1, 0, 0, 1, 3], [0, 1, 3, 0, 1, 0], [3, 1, 1, 0, 1, 0], [1, 1, 1, 0, 3, 1], [3, 1, 1, 0, 1, 1], [0, 1, 3, 0, 1, 1], [0, 3, 0, 0, 1, 1], [0, 1, 1, 3, 1, 1], [3, 1, 1, 0, 1, 1], [1, 1, 1, 0, 3, 1], [0, 1, 3, 1, 1, 1], [1, 0, 0, 3, 0, 1], [3, 0, 0, 1, 0, 1], [0, 3, 0, 1, 1, 1], [0, 0, 0, 1, 3, 1], [0, 3, 0, 1, 1, 1], [1, 0, 0, 3, 0, 1], [0, 3, 1, 1, 1, 0], [0, 0, 3, 1, 1, 0], [0, 0, 0, 1, 1, 3], [0, 0, 0, 1, 3, 1], [0, 0, 0, 1, 1, 3], [0, 0, 3, 1, 1, 0], [1, 0, 3, 1, 1, 0], [3, 0, 1, 1, 1, 0], [0, 3, 1, 1, 1, 0], [1, 0, 1, 1, 1, 3], [1, 0, 3, 1, 1, 0], [0, 1, 0, 3, 1, 0], [0, 1, 0, 0, 1, 3], [0, 1, 0, 3, 1, 0], [1, 1, 0, 0, 3, 0], [3, 1, 0, 0, 1, 0], [1, 1, 0, 3, 1, 1], [1, 1, 0, 0, 1, 3], [1, 1, 0, 0, 3, 0], [1, 1, 0, 3, 1, 1], [1, 1, 0, 0, 1, 3], [1, 3, 0, 1, 1, 1], [1, 1, 0, 3, 1, 1], [1, 1, 0, 0, 1, 3], [1, 0, 1, 1, 3, 1], [1, 0, 3, 1, 1, 1], [1, 0, 1, 1, 3, 1], [1, 3, 1, 1, 0, 0], [0, 1, 1, 3, 0, 1], [3, 1, 1, 1, 0, 0], [0, 1, 1, 1, 0, 3], [0, 1, 1, 3, 0, 1], [3, 1, 1, 1, 0, 0], [1, 3, 1, 1, 0, 0], [1, 1, 1, 0, 0, 3], [3, 1, 1, 0, 0, 1], [1, 1, 1, 0, 3, 1], [1, 1, 1, 0, 0, 3], [1, 1, 3, 0, 1, 1], [1, 1, 0, 3, 0, 1], [1, 1, 0, 0, 3, 1], [1, 0, 0, 1, 3, 0], [3, 0, 1, 0, 1, 1], [1, 0, 0, 0, 1, 3], [1, 0, 3, 0, 1, 1], [1, 0, 0, 0, 1, 3], [1, 0, 0, 3, 1, 0], [1, 0, 0, 1, 3, 0], [1, 0, 1, 3, 1, 1], [1, 1, 1, 1, 3, 1], [1, 3, 1, 1, 1, 1], [1, 0, 1, 3, 1, 1], [3, 0, 1, 0, 1, 1], [1, 1, 1, 1, 3, 1], [1, 1, 1, 3, 1, 0], [0, 1, 1, 0, 1, 3], [3, 1, 1, 0, 1, 0], [0, 1, 1, 0, 1, 3], [1, 1, 1, 3, 1, 0], [0, 1, 1, 0, 3, 1], [0, 1, 3, 0, 0, 0], [0, 1, 1, 0, 0, 3], [0, 1, 1, 0, 3, 1], [0, 1, 1, 1, 0, 3], [0, 1, 1, 3, 0, 0], [0, 1, 3, 0, 0, 0], [1, 1, 3, 1, 0, 0], [3, 1, 1, 1, 0, 0], [0, 1, 1, 1, 0, 3], [1, 0, 1, 0, 1, 3], [1, 0, 1, 3, 1, 0], [1, 3, 1, 1, 1, 0], [1, 1, 1, 1, 3, 0], [1, 1, 3, 1, 0, 0], [0, 1, 1, 1, 3, 0], [3, 1, 1, 1, 1, 0], [1, 3, 1, 1, 1, 0], [1, 0, 1, 3, 1, 0], [1, 0, 1, 0, 1, 3], [0, 0, 1, 3, 1, 0], [0, 3, 1, 1, 1, 0], [0, 1, 1, 1, 3, 0], [1, 3, 1, 1, 1, 1], [3, 0, 1, 1, 1, 1], [0, 0, 1, 1, 1, 3], [0, 0, 1, 3, 1, 0], [3, 0, 1, 1, 1, 1], [0, 0, 3, 1, 1, 1], [3, 0, 1, 1, 1, 1], [1, 3, 1, 1, 1, 1], [1, 0, 1, 1, 1, 3], [3, 0, 1, 1, 1, 1], [1, 0, 1, 1, 1, 3], [0, 0, 3, 1, 1, 1], [1, 0, 1, 0, 3, 0], [1, 0, 1, 3, 1, 0], [1, 0, 1, 0, 3, 0], [1, 0, 1, 0, 0, 3], [1, 0, 3, 0, 0, 0], [0, 0, 3, 0, 0, 0], [0, 0, 1, 0, 0, 3], [3, 0, 1, 0, 0, 1], [0, 0, 1, 0, 0, 3], [1, 0, 1, 0, 3, 0], [3, 0, 1, 0, 0, 0], [0, 0, 3, 0, 0, 0], [3, 1, 0, 0, 0, 1], [1, 3, 0, 0, 0, 1], [1, 0, 1, 0, 0, 3], [1, 0, 3, 0, 0, 1], [1, 0, 1, 0, 0, 3], [1, 3, 0, 0, 0, 1], [1, 0, 1, 0, 3, 0], [1, 0, 0, 0, 3, 1], [1, 3, 0, 0, 0, 1], [3, 1, 0, 0, 0, 1], [1, 0, 0, 3, 0, 1], [1, 0, 0, 0, 3, 1], [0, 0, 3, 0, 0, 1], [0, 0, 0, 3, 0, 1], [3, 0, 0, 1, 0, 1], [0, 0, 0, 1, 3, 0], [0, 0, 0, 1, 0, 3], [0, 0, 0, 3, 0, 1], [3, 1, 1, 1, 0, 0], [0, 3, 0, 1, 0, 0], [0, 1, 3, 1, 0, 0], [0, 3, 0, 1, 0, 0], [0, 0, 0, 1, 3, 0], [0, 0, 1, 1, 0, 3], [0, 3, 1, 1, 0, 0], [3, 1, 1, 1, 0, 0], [0, 0, 1, 1, 3, 0], [0, 0, 1, 1, 0, 3], [0, 0, 1, 3, 0, 0], [3, 1, 0, 1, 1, 0], [0, 1, 3, 1, 1, 0], [0, 3, 1, 1, 1, 0], [0, 0, 1, 1, 3, 0], [0, 0, 1, 3, 0, 0], [0, 1, 3, 1, 1, 0], [0, 1, 3, 0, 0, 0], [0, 1, 0, 3, 0, 0], [0, 1, 0, 1, 3, 0], [3, 1, 0, 1, 1, 0], [0, 1, 3, 0, 0, 0], [0, 0, 3, 1, 1, 1], [0, 3, 0, 1, 1, 1], [0, 1, 0, 1, 3, 1], [0, 1, 0, 1, 0, 3], [0, 3, 0, 1, 1, 1], [0, 0, 3, 1, 1, 1]]
========================================
