========================================
      FINAL EXPERIMENTAL STATISTICS      
========================================
Algorithm: AE-QTS   Problem: 6-bit #1
delta_theta: 0.025   num_neighbors(N): 10
Trials: 100   Iterations: 3000
----------------------------------------
Best Gate Counts per Trial: [186, 192, 200, 182, 186, 190, 194, 198, 186, 188, 190, 188, 182, 188, 186, 194, 188, 194, 196, 194, 194, 194, 192, 188, 192, 190, 186, 188, 194, 192, 192, 190, 194, 188, 192, 196, 198, 190, 188, 192, 196, 194, 188, 200, 192, 200, 192, 196, 190, 200, 184, 188, 188, 192, 188, 190, 188, 190, 196, 188, 194, 194, 198, 192, 188, 190, 182, 188, 196, 194, 192, 192, 186, 196, 194, 190, 190, 194, 188, 194, 182, 182, 184, 186, 190, 188, 192, 196, 198, 186, 196, 198, 198, 194, 196, 186, 188, 196, 190, 190]
Global Minimum Gate Count:  182
Worst Gate Count:           200
Final Result (Gen 3000): 191.20 ± 4.43
Average Time per Experiment: 90.69s
----------------------------------------
Best Circuit Structure:
[[1, 1, 0, 0, 3, 0], [3, 1, 0, 0, 1, 0], [1, 1, 0, 1, 1, 3], [1, 1, 0, 3, 1, 0], [1, 1, 0, 0, 3, 0], [1, 1, 0, 1, 1, 3], [1, 1, 0, 0, 1, 3], [1, 3, 0, 1, 1, 1], [1, 1, 0, 3, 1, 1], [1, 1, 0, 0, 1, 3], [1, 0, 3, 1, 0, 1], [1, 0, 0, 1, 3, 1], [1, 0, 3, 1, 0, 1], [0, 3, 1, 1, 0, 0], [0, 0, 1, 3, 1, 0], [0, 0, 1, 1, 3, 0], [0, 3, 1, 1, 0, 0], [3, 1, 1, 1, 1, 1], [0, 3, 1, 1, 1, 1], [0, 0, 1, 1, 1, 3], [0, 3, 1, 1, 1, 1], [0, 0, 1, 3, 1, 0], [0, 0, 3, 1, 1, 1], [0, 3, 1, 1, 1, 1], [3, 1, 1, 1, 1, 1], [3, 0, 1, 1, 1, 0], [0, 0, 1, 1, 1, 3], [3, 0, 1, 1, 1, 0], [0, 0, 3, 1, 1, 1], [1, 0, 1, 3, 1, 0], [1, 0, 1, 0, 3, 0], [1, 0, 1, 3, 1, 0], [1, 0, 1, 0, 0, 3], [1, 0, 3, 0, 0, 0], [1, 0, 3, 0, 0, 1], [3, 0, 0, 0, 0, 0], [1, 0, 0, 0, 0, 3], [1, 0, 3, 0, 0, 1], [1, 0, 1, 0, 3, 0], [1, 0, 3, 0, 0, 0], [3, 0, 0, 0, 0, 0], [0, 3, 0, 0, 0, 1], [3, 0, 0, 0, 0, 1], [1, 0, 3, 0, 0, 1], [1, 0, 1, 0, 0, 3], [1, 0, 3, 0, 0, 1], [1, 0, 1, 0, 3, 0], [1, 0, 0, 0, 3, 1], [3, 0, 0, 0, 0, 1], [0, 3, 0, 0, 0, 1], [1, 0, 0, 1, 3, 1], [1, 0, 0, 3, 1, 1], [1, 0, 0, 1, 3, 1], [0, 0, 3, 0, 0, 1], [0, 0, 0, 3, 0, 1], [3, 0, 0, 1, 0, 1], [0, 0, 0, 1, 3, 1], [0, 0, 0, 1, 1, 3], [0, 0, 0, 1, 3, 1], [0, 0, 0, 3, 0, 1], [1, 3, 1, 1, 0, 0], [0, 0, 3, 1, 1, 0], [0, 0, 1, 1, 3, 0], [3, 0, 1, 1, 0, 0], [0, 0, 1, 1, 3, 0], [0, 0, 3, 1, 1, 0], [0, 0, 1, 1, 0, 3], [3, 0, 1, 1, 0, 0], [1, 3, 1, 1, 0, 0], [0, 0, 1, 1, 3, 0], [0, 0, 1, 1, 0, 3], [0, 0, 1, 0, 3, 0], [3, 1, 0, 1, 1, 0], [0, 3, 0, 1, 1, 0], [0, 0, 3, 1, 1, 0], [0, 0, 1, 3, 1, 0], [0, 0, 1, 0, 3, 0], [0, 3, 0, 1, 1, 0], [0, 1, 3, 0, 0, 0], [0, 1, 0, 0, 3, 0], [0, 1, 0, 3, 1, 0], [3, 1, 0, 1, 1, 0], [0, 1, 0, 0, 3, 0], [0, 1, 0, 3, 0, 0], [0, 1, 3, 0, 0, 0], [0, 0, 3, 1, 1, 1], [0, 3, 0, 1, 1, 1], [0, 1, 0, 1, 3, 1], [0, 1, 0, 1, 0, 3], [0, 3, 0, 1, 1, 1], [0, 0, 3, 1, 1, 1], [1, 1, 1, 1, 1, 3], [3, 1, 1, 1, 1, 1], [0, 1, 1, 1, 3, 1], [0, 1, 3, 1, 0, 1], [0, 1, 1, 1, 3, 1], [0, 1, 1, 3, 1, 1], [3, 1, 1, 1, 1, 1], [1, 1, 1, 1, 1, 3], [0, 1, 3, 0, 0, 0], [0, 1, 1, 0, 3, 0], [0, 1, 1, 0, 1, 3], [0, 1, 1, 0, 3, 0], [0, 1, 1, 1, 0, 3], [0, 1, 1, 3, 0, 0], [0, 1, 3, 0, 0, 0], [1, 1, 3, 1, 0, 0], [3, 1, 1, 1, 0, 0], [0, 1, 1, 1, 0, 3], [1, 0, 1, 0, 1, 3], [1, 1, 1, 1, 3, 0], [1, 3, 1, 0, 1, 0], [1, 1, 1, 3, 1, 0], [1, 1, 1, 1, 3, 0], [1, 1, 3, 1, 0, 0], [1, 3, 1, 0, 1, 0], [1, 0, 1, 0, 1, 3], [3, 1, 1, 0, 0, 1], [1, 1, 1, 0, 0, 3], [1, 3, 1, 0, 0, 0], [1, 0, 1, 3, 0, 0], [1, 3, 1, 0, 0, 0], [3, 1, 1, 0, 0, 1], [1, 1, 1, 0, 3, 1], [1, 1, 1, 0, 0, 3], [1, 1, 1, 0, 3, 1], [1, 1, 3, 0, 1, 1], [1, 1, 0, 3, 0, 1], [1, 1, 0, 0, 3, 1], [0, 0, 3, 0, 1, 1], [1, 1, 1, 0, 1, 3], [3, 0, 1, 0, 1, 1], [1, 3, 1, 0, 1, 1], [1, 1, 1, 0, 1, 3], [1, 1, 1, 0, 3, 1], [1, 3, 1, 0, 1, 1], [3, 0, 1, 0, 1, 1], [0, 0, 3, 0, 1, 1], [3, 1, 1, 0, 1, 1], [0, 1, 1, 3, 1, 1], [3, 1, 1, 0, 1, 1], [1, 1, 1, 0, 3, 1], [0, 1, 3, 1, 1, 1], [0, 1, 0, 1, 3, 1], [1, 0, 0, 3, 0, 1], [3, 0, 0, 1, 0, 1], [0, 3, 0, 1, 0, 1], [0, 1, 0, 1, 3, 1], [1, 0, 0, 3, 0, 1], [0, 1, 3, 1, 1, 0], [0, 0, 0, 1, 3, 1], [0, 3, 0, 1, 1, 0], [0, 0, 0, 1, 1, 3], [0, 3, 0, 1, 1, 0], [0, 0, 0, 1, 3, 1], [3, 0, 0, 1, 1, 0], [0, 3, 0, 1, 1, 0], [0, 1, 3, 1, 1, 0], [3, 0, 0, 1, 1, 0], [1, 0, 1, 1, 1, 3], [0, 0, 0, 3, 1, 0], [3, 0, 0, 1, 1, 0], [1, 0, 3, 1, 1, 0], [1, 0, 1, 1, 1, 3], [0, 0, 0, 1, 3, 0], [0, 0, 0, 3, 1, 0], [1, 0, 0, 1, 3, 0], [1, 0, 0, 3, 1, 0], [0, 0, 1, 3, 1, 1], [3, 0, 1, 1, 1, 1], [1, 0, 1, 1, 1, 3], [1, 0, 3, 1, 1, 0], [1, 0, 1, 1, 1, 3], [1, 0, 0, 1, 3, 0], [1, 1, 1, 1, 3, 1], [1, 3, 1, 1, 1, 1], [3, 0, 1, 1, 1, 1], [0, 0, 1, 3, 1, 1], [1, 1, 1, 1, 3, 1], [0, 1, 0, 0, 1, 3], [0, 1, 0, 3, 1, 0], [0, 1, 0, 0, 1, 3]]
========================================
