========================================
      FINAL EXPERIMENTAL STATISTICS      
========================================
Algorithm: AE-QTS   Problem: 6-bit #1
delta_theta: 0.005   num_neighbors(N): 10
Trials: 100   Iterations: 3000
----------------------------------------
Best Gate Counts per Trial: [184, 186, 184, 188, 188, 190, 182, 192, 190, 184, 186, 188, 184, 184, 188, 188, 184, 188, 188, 190, 190, 186, 186, 188, 180, 186, 184, 184, 186, 184, 192, 182, 180, 186, 186, 186, 188, 186, 184, 192, 186, 186, 188, 182, 186, 184, 188, 186, 186, 188, 180, 186, 184, 184, 190, 184, 188, 194, 186, 188, 184, 186, 186, 186, 184, 186, 186, 182, 186, 188, 184, 180, 182, 186, 182, 190, 186, 186, 188, 186, 184, 186, 186, 186, 184, 184, 186, 188, 188, 184, 186, 188, 188, 184, 182, 188, 184, 184, 188, 184]
Global Minimum Gate Count:  180
Worst Gate Count:           194
Final Result (Gen 3000): 185.92 ± 2.67
Average Time per Experiment: 95.80s
----------------------------------------
Best Circuit Structure:
[[1, 1, 3, 0, 1, 0], [0, 3, 0, 0, 1, 1], [3, 1, 0, 0, 1, 1], [1, 1, 0, 0, 1, 3], [1, 1, 3, 0, 1, 0], [1, 1, 1, 0, 3, 1], [1, 1, 3, 0, 1, 1], [3, 1, 0, 0, 1, 1], [0, 3, 0, 0, 1, 1], [3, 1, 1, 0, 1, 1], [0, 1, 1, 3, 1, 1], [3, 1, 1, 0, 1, 1], [1, 1, 1, 0, 3, 1], [0, 1, 3, 1, 1, 1], [3, 0, 0, 0, 0, 1], [0, 0, 0, 3, 0, 1], [0, 3, 0, 1, 1, 1], [0, 0, 0, 1, 3, 1], [0, 3, 0, 1, 1, 1], [3, 0, 0, 0, 0, 1], [0, 3, 1, 1, 1, 0], [0, 0, 1, 1, 3, 0], [0, 0, 3, 1, 0, 1], [0, 0, 1, 1, 0, 3], [0, 0, 3, 1, 0, 1], [0, 0, 1, 1, 3, 0], [1, 0, 3, 1, 1, 0], [3, 0, 1, 1, 1, 0], [0, 3, 1, 1, 1, 0], [1, 0, 3, 1, 1, 0], [1, 0, 1, 1, 1, 3], [0, 0, 0, 3, 1, 0], [3, 0, 0, 1, 1, 0], [1, 0, 3, 1, 1, 0], [1, 0, 1, 1, 1, 3], [0, 0, 0, 1, 3, 0], [0, 0, 0, 3, 1, 0], [1, 0, 0, 1, 3, 0], [3, 0, 1, 0, 1, 1], [1, 0, 1, 0, 1, 3], [1, 0, 3, 0, 1, 0], [1, 0, 0, 3, 1, 0], [1, 0, 0, 1, 3, 0], [1, 0, 1, 0, 1, 3], [1, 1, 1, 1, 3, 1], [1, 0, 1, 3, 1, 1], [1, 3, 1, 1, 1, 1], [1, 0, 1, 3, 1, 1], [3, 0, 1, 0, 1, 1], [1, 1, 1, 1, 3, 1], [1, 3, 1, 1, 0, 0], [3, 1, 1, 1, 0, 0], [0, 1, 1, 0, 0, 3], [0, 1, 1, 3, 0, 0], [3, 1, 1, 1, 0, 0], [0, 1, 1, 0, 0, 3], [1, 3, 1, 1, 0, 0], [1, 1, 1, 0, 0, 3], [3, 1, 1, 0, 0, 1], [1, 1, 1, 0, 3, 1], [1, 1, 1, 0, 0, 3], [1, 1, 3, 0, 1, 1], [1, 1, 0, 3, 0, 1], [1, 1, 0, 0, 3, 1], [0, 0, 1, 3, 1, 0], [0, 0, 1, 1, 3, 0], [0, 3, 1, 1, 0, 0], [0, 0, 1, 1, 3, 0], [1, 3, 1, 1, 1, 1], [0, 0, 1, 1, 1, 3], [3, 0, 1, 1, 1, 1], [0, 0, 1, 1, 1, 3], [0, 0, 1, 3, 1, 0], [0, 0, 3, 1, 1, 1], [3, 0, 1, 1, 1, 1], [1, 3, 1, 1, 1, 1], [0, 0, 1, 1, 1, 3], [3, 0, 1, 1, 1, 0], [0, 0, 1, 1, 1, 3], [0, 0, 3, 1, 1, 1], [1, 0, 1, 3, 1, 0], [1, 0, 1, 0, 3, 0], [1, 0, 1, 3, 1, 0], [1, 0, 1, 0, 0, 3], [1, 0, 3, 0, 0, 0], [3, 0, 0, 0, 0, 0], [1, 0, 3, 0, 0, 0], [1, 0, 1, 0, 0, 3], [1, 0, 3, 0, 0, 0], [1, 0, 1, 0, 3, 0], [1, 0, 3, 0, 0, 0], [3, 0, 0, 0, 0, 0], [0, 3, 0, 0, 0, 1], [3, 0, 0, 0, 0, 1], [1, 0, 1, 0, 0, 3], [1, 0, 3, 0, 0, 1], [3, 0, 0, 0, 0, 1], [1, 0, 1, 0, 0, 3], [1, 0, 1, 0, 3, 0], [1, 0, 0, 0, 3, 1], [3, 0, 0, 0, 0, 1], [0, 3, 0, 0, 0, 1], [1, 0, 0, 3, 0, 1], [1, 0, 0, 0, 3, 1], [0, 0, 3, 0, 0, 1], [0, 0, 0, 3, 0, 1], [3, 0, 0, 1, 0, 1], [0, 0, 0, 1, 3, 0], [0, 0, 0, 1, 0, 3], [0, 0, 0, 3, 0, 1], [0, 0, 3, 1, 0, 0], [1, 3, 1, 1, 0, 0], [3, 0, 1, 1, 0, 0], [0, 0, 3, 1, 0, 0], [0, 0, 0, 1, 3, 0], [0, 0, 1, 1, 0, 3], [3, 0, 1, 1, 0, 0], [1, 3, 1, 1, 0, 0], [0, 0, 1, 1, 3, 0], [0, 0, 1, 1, 0, 3], [0, 0, 1, 3, 0, 0], [3, 1, 0, 1, 1, 0], [0, 3, 0, 1, 1, 0], [0, 0, 3, 1, 1, 0], [0, 0, 1, 1, 3, 0], [0, 0, 1, 3, 0, 0], [0, 3, 0, 1, 1, 0], [0, 1, 1, 3, 0, 0], [0, 1, 3, 1, 0, 0], [0, 1, 0, 1, 3, 0], [3, 1, 0, 1, 1, 0], [0, 1, 1, 3, 0, 0], [0, 3, 1, 1, 1, 1], [0, 1, 0, 1, 3, 0], [0, 1, 3, 1, 1, 1], [0, 1, 0, 1, 1, 3], [0, 1, 0, 1, 3, 0], [0, 1, 3, 1, 1, 1], [0, 1, 3, 1, 0, 1], [0, 1, 1, 1, 3, 1], [0, 3, 1, 1, 1, 1], [3, 1, 1, 1, 1, 0], [0, 1, 1, 1, 1, 3], [0, 1, 1, 1, 3, 1], [0, 1, 3, 1, 0, 1], [0, 1, 1, 3, 1, 1], [0, 1, 1, 1, 1, 3], [3, 1, 1, 1, 1, 0], [0, 1, 0, 0, 0, 3], [0, 1, 3, 0, 0, 1], [0, 1, 1, 0, 3, 1], [0, 1, 1, 3, 0, 1], [0, 1, 3, 0, 0, 1], [0, 1, 0, 0, 0, 3], [1, 1, 0, 1, 0, 3], [1, 1, 3, 1, 0, 1], [3, 1, 1, 1, 0, 1], [1, 0, 1, 0, 3, 1], [1, 3, 1, 0, 0, 1], [1, 1, 1, 3, 0, 1], [1, 1, 3, 1, 0, 1], [1, 3, 1, 0, 0, 1], [1, 0, 1, 0, 3, 1], [1, 1, 0, 1, 0, 3], [1, 1, 0, 0, 3, 0], [3, 1, 0, 0, 1, 0], [1, 1, 0, 3, 1, 1], [1, 1, 0, 0, 1, 3], [1, 1, 0, 0, 3, 0], [1, 1, 0, 3, 1, 1], [1, 1, 0, 0, 1, 3], [1, 3, 0, 1, 1, 1], [1, 1, 0, 3, 1, 1], [1, 1, 0, 0, 1, 3], [1, 0, 1, 1, 3, 1], [1, 0, 3, 1, 1, 1], [1, 0, 1, 1, 3, 1], [0, 1, 0, 3, 1, 0], [0, 1, 0, 0, 1, 3], [0, 1, 0, 3, 1, 0]]
========================================
