========================================
      FINAL EXPERIMENTAL STATISTICS      
========================================
Algorithm: AE-QTS   Problem: 6-bit #1
delta_theta: 0.008   num_neighbors(N): 10
Trials: 100   Iterations: 3000
----------------------------------------
Best Gate Counts per Trial: [186, 186, 182, 186, 180, 182, 186, 184, 184, 184, 180, 180, 186, 182, 180, 182, 188, 190, 184, 180, 182, 182, 184, 186, 184, 182, 180, 182, 184, 180, 176, 186, 186, 182, 180, 190, 184, 178, 186, 180, 186, 186, 184, 184, 180, 178, 184, 182, 182, 184, 188, 186, 182, 182, 178, 188, 182, 190, 182, 180, 186, 182, 186, 180, 184, 184, 186, 186, 184, 186, 184, 178, 184, 180, 186, 182, 184, 184, 186, 188, 184, 184, 182, 184, 186, 180, 178, 184, 190, 182, 180, 182, 184, 186, 176, 184, 182, 182, 188, 180]
Global Minimum Gate Count:  176
Worst Gate Count:           190
Final Result (Gen 3000): 183.32 ± 3.02
Average Time per Experiment: 95.18s
----------------------------------------
Best Circuit Structure:
[[0, 0, 3, 0, 1, 1], [0, 3, 1, 0, 1, 1], [0, 1, 1, 0, 1, 3], [3, 1, 1, 0, 1, 0], [0, 1, 1, 0, 1, 3], [3, 1, 1, 0, 0, 1], [0, 1, 1, 0, 3, 1], [0, 3, 1, 0, 1, 1], [0, 0, 3, 0, 1, 1], [0, 1, 1, 3, 1, 1], [0, 1, 1, 0, 3, 1], [0, 1, 1, 3, 1, 1], [3, 1, 1, 0, 0, 1], [0, 1, 3, 1, 1, 1], [3, 0, 0, 0, 0, 1], [0, 1, 0, 1, 3, 1], [0, 0, 0, 3, 0, 1], [0, 3, 0, 1, 0, 1], [0, 1, 0, 1, 3, 1], [3, 0, 0, 0, 0, 1], [0, 3, 1, 1, 1, 0], [0, 0, 3, 1, 1, 0], [0, 0, 0, 1, 3, 1], [0, 0, 0, 1, 1, 3], [0, 0, 0, 1, 3, 1], [3, 0, 0, 1, 1, 0], [0, 0, 3, 1, 1, 0], [0, 3, 1, 1, 1, 0], [1, 0, 1, 1, 1, 3], [0, 0, 0, 3, 1, 0], [3, 0, 0, 1, 1, 0], [1, 0, 3, 1, 1, 0], [1, 0, 1, 1, 1, 3], [0, 0, 0, 1, 3, 0], [0, 0, 0, 3, 1, 0], [1, 1, 0, 0, 3, 0], [3, 1, 0, 0, 1, 0], [1, 1, 0, 1, 1, 3], [1, 1, 0, 3, 1, 0], [1, 1, 0, 0, 3, 0], [1, 1, 0, 1, 1, 3], [1, 1, 0, 3, 1, 0], [1, 3, 0, 1, 1, 1], [1, 1, 0, 1, 1, 3], [1, 1, 0, 3, 1, 0], [1, 0, 1, 1, 3, 1], [1, 0, 3, 1, 1, 1], [1, 0, 1, 1, 3, 1], [1, 0, 0, 1, 3, 0], [1, 0, 0, 3, 1, 0], [0, 0, 1, 3, 1, 1], [1, 0, 0, 1, 1, 3], [3, 0, 1, 1, 1, 1], [1, 0, 3, 1, 1, 1], [1, 0, 0, 1, 1, 3], [1, 0, 0, 1, 3, 0], [1, 1, 1, 1, 3, 1], [1, 3, 1, 1, 1, 1], [3, 0, 1, 1, 1, 1], [0, 0, 1, 3, 1, 1], [1, 1, 1, 1, 3, 1], [0, 1, 0, 3, 1, 1], [0, 1, 0, 1, 1, 3], [0, 1, 0, 3, 1, 1], [1, 1, 1, 0, 0, 3], [3, 1, 1, 0, 0, 1], [1, 1, 1, 0, 3, 1], [1, 1, 1, 0, 0, 3], [1, 1, 3, 0, 1, 1], [1, 1, 0, 3, 0, 1], [1, 1, 0, 0, 3, 1], [1, 0, 1, 3, 0, 0], [1, 0, 3, 0, 0, 0], [1, 3, 0, 0, 0, 1], [1, 0, 0, 0, 0, 3], [1, 3, 0, 0, 0, 1], [1, 0, 3, 0, 0, 0], [1, 0, 1, 3, 0, 0], [0, 3, 1, 0, 1, 0], [0, 1, 1, 3, 1, 0], [0, 1, 1, 1, 3, 0], [3, 1, 1, 1, 1, 1], [0, 1, 1, 1, 1, 3], [0, 1, 1, 3, 1, 0], [0, 3, 1, 0, 1, 0], [0, 0, 3, 1, 1, 1], [0, 3, 1, 1, 1, 1], [3, 1, 1, 1, 1, 1], [1, 0, 1, 1, 1, 3], [3, 0, 1, 1, 1, 1], [0, 0, 3, 1, 1, 1], [1, 0, 1, 1, 1, 3], [1, 0, 1, 3, 1, 0], [1, 0, 1, 0, 3, 0], [1, 0, 1, 3, 1, 0], [1, 0, 1, 0, 0, 3], [1, 0, 3, 0, 0, 0], [3, 0, 1, 0, 0, 1], [0, 0, 3, 0, 0, 0], [0, 0, 1, 0, 0, 3], [3, 0, 1, 0, 0, 1], [0, 0, 3, 0, 0, 0], [3, 0, 1, 0, 1, 0], [0, 0, 3, 0, 1, 0], [0, 3, 0, 0, 0, 1], [0, 0, 0, 0, 0, 3], [0, 0, 0, 0, 3, 0], [0, 0, 3, 0, 1, 0], [3, 0, 1, 0, 1, 0], [1, 0, 0, 0, 3, 1], [3, 0, 0, 0, 0, 1], [0, 3, 0, 0, 0, 1], [1, 0, 0, 3, 0, 1], [1, 0, 0, 0, 3, 1], [0, 0, 3, 0, 0, 1], [0, 0, 0, 3, 0, 1], [3, 0, 0, 1, 0, 1], [0, 0, 0, 1, 3, 0], [0, 0, 0, 1, 0, 3], [0, 0, 0, 3, 0, 1], [3, 1, 1, 1, 0, 0], [0, 1, 3, 1, 0, 0], [0, 3, 0, 1, 0, 0], [0, 0, 0, 1, 3, 0], [0, 1, 3, 1, 0, 0], [0, 0, 1, 1, 0, 3], [0, 3, 1, 1, 0, 0], [3, 1, 1, 1, 0, 0], [0, 0, 1, 1, 3, 0], [0, 0, 1, 1, 0, 3], [0, 0, 1, 3, 0, 0], [3, 1, 0, 1, 1, 0], [0, 1, 3, 1, 1, 0], [0, 3, 1, 1, 1, 0], [0, 0, 1, 1, 3, 0], [0, 1, 3, 1, 1, 0], [0, 0, 1, 3, 0, 0], [0, 1, 1, 3, 0, 0], [0, 1, 3, 1, 0, 0], [0, 1, 0, 1, 3, 0], [3, 1, 0, 1, 1, 0], [0, 1, 1, 3, 0, 0], [0, 1, 3, 1, 0, 0], [0, 0, 1, 1, 3, 1], [0, 3, 1, 1, 0, 1], [0, 1, 1, 1, 0, 3], [0, 1, 3, 1, 0, 0], [0, 3, 1, 1, 0, 1], [0, 1, 3, 1, 0, 1], [0, 3, 1, 1, 0, 1], [0, 0, 1, 1, 3, 1], [3, 1, 1, 1, 1, 0], [0, 1, 1, 1, 3, 0], [0, 1, 1, 1, 0, 3], [0, 1, 1, 1, 3, 0], [0, 1, 3, 1, 0, 1], [0, 1, 1, 0, 1, 3], [0, 1, 1, 3, 1, 0], [3, 1, 1, 1, 1, 0], [0, 1, 3, 0, 0, 0], [0, 1, 1, 0, 3, 0], [0, 1, 1, 0, 1, 3], [0, 1, 1, 1, 0, 3], [0, 1, 1, 3, 0, 0], [0, 1, 3, 0, 0, 0], [1, 1, 3, 1, 0, 0], [3, 1, 1, 1, 0, 0], [0, 1, 1, 1, 0, 3], [1, 3, 1, 0, 1, 1], [1, 1, 1, 0, 1, 3], [1, 1, 1, 0, 3, 0], [1, 1, 1, 3, 0, 0], [1, 1, 1, 0, 3, 0], [1, 1, 1, 0, 1, 3], [1, 1, 3, 1, 0, 0], [1, 3, 1, 0, 1, 1]]
========================================
