========================================
      FINAL EXPERIMENTAL STATISTICS      
========================================
Algorithm: AE-QTS   Problem: 6-bit #1
delta_theta: 0.018   num_neighbors(N): 10
Trials: 100   Iterations: 3000
----------------------------------------
Best Gate Counts per Trial: [184, 190, 190, 190, 188, 190, 192, 186, 186, 188, 184, 190, 182, 188, 192, 188, 186, 182, 188, 186, 182, 184, 192, 190, 184, 186, 192, 184, 192, 186, 184, 188, 184, 188, 188, 188, 188, 188, 184, 192, 188, 190, 188, 190, 186, 182, 204, 190, 188, 186, 190, 194, 186, 188, 184, 190, 190, 190, 186, 194, 192, 186, 192, 184, 182, 186, 194, 186, 184, 190, 182, 190, 188, 188, 190, 188, 188, 188, 178, 184, 190, 186, 192, 188, 186, 188, 188, 182, 188, 192, 192, 184, 192, 186, 188, 194, 180, 182, 192, 186]
Global Minimum Gate Count:  178
Worst Gate Count:           204
Final Result (Gen 3000): 187.74 ± 3.74
Average Time per Experiment: 93.22s
----------------------------------------
Best Circuit Structure:
[[1, 1, 0, 0, 3, 0], [3, 1, 0, 0, 1, 0], [1, 1, 0, 0, 1, 3], [1, 1, 0, 3, 1, 1], [1, 1, 0, 0, 1, 3], [1, 1, 0, 0, 3, 0], [1, 1, 0, 0, 1, 3], [1, 3, 0, 1, 1, 1], [1, 1, 0, 3, 1, 1], [1, 1, 0, 0, 1, 3], [1, 0, 0, 1, 3, 1], [1, 0, 3, 1, 0, 1], [1, 0, 0, 1, 3, 1], [0, 3, 0, 0, 1, 1], [1, 1, 3, 0, 1, 0], [0, 1, 0, 0, 1, 3], [3, 1, 0, 0, 1, 0], [0, 1, 0, 0, 1, 3], [1, 1, 3, 0, 1, 0], [3, 1, 1, 0, 0, 1], [0, 1, 1, 0, 3, 1], [0, 1, 3, 0, 1, 1], [0, 3, 0, 0, 1, 1], [0, 1, 1, 3, 1, 1], [0, 1, 1, 0, 3, 1], [3, 1, 1, 0, 0, 1], [0, 1, 3, 1, 1, 1], [0, 3, 0, 1, 1, 1], [3, 0, 0, 0, 0, 1], [0, 0, 0, 3, 0, 1], [0, 0, 0, 1, 3, 1], [0, 3, 0, 1, 1, 1], [3, 0, 0, 0, 0, 1], [0, 3, 1, 1, 1, 0], [0, 0, 3, 1, 1, 0], [0, 0, 0, 1, 3, 1], [0, 0, 0, 1, 1, 3], [0, 0, 0, 1, 3, 1], [3, 0, 0, 1, 1, 0], [0, 0, 3, 1, 1, 0], [0, 3, 1, 1, 1, 0], [1, 0, 1, 1, 1, 3], [0, 0, 0, 3, 1, 0], [3, 0, 0, 1, 1, 0], [1, 0, 3, 1, 1, 0], [1, 0, 1, 1, 1, 3], [0, 0, 0, 1, 3, 0], [0, 0, 0, 3, 1, 0], [1, 0, 0, 1, 3, 0], [1, 0, 0, 3, 1, 0], [3, 0, 1, 0, 1, 1], [1, 0, 1, 3, 1, 1], [1, 0, 1, 1, 1, 3], [1, 0, 3, 1, 1, 0], [1, 0, 0, 1, 3, 0], [1, 0, 1, 1, 1, 3], [1, 3, 1, 1, 0, 1], [1, 0, 1, 1, 3, 1], [1, 0, 1, 3, 1, 1], [1, 3, 1, 1, 0, 1], [3, 0, 1, 0, 1, 1], [0, 1, 0, 3, 1, 0], [0, 1, 0, 0, 1, 3], [0, 1, 0, 3, 1, 0], [1, 1, 1, 0, 0, 3], [3, 1, 1, 0, 0, 1], [1, 1, 1, 0, 3, 1], [1, 1, 1, 0, 0, 3], [1, 1, 3, 0, 1, 1], [1, 1, 0, 3, 0, 1], [1, 1, 0, 0, 3, 1], [1, 0, 3, 1, 0, 0], [1, 0, 0, 1, 0, 3], [1, 0, 0, 3, 0, 1], [1, 3, 0, 0, 0, 1], [1, 0, 0, 3, 0, 1], [1, 0, 0, 1, 0, 3], [1, 0, 3, 1, 0, 0], [0, 0, 1, 3, 1, 0], [0, 3, 1, 1, 1, 0], [0, 1, 1, 1, 3, 0], [3, 1, 1, 1, 1, 1], [0, 1, 1, 1, 1, 3], [0, 3, 1, 1, 1, 0], [0, 0, 1, 3, 1, 0], [0, 0, 3, 1, 1, 1], [0, 3, 1, 1, 1, 1], [3, 1, 1, 1, 1, 1], [1, 0, 1, 1, 1, 3], [3, 0, 1, 1, 1, 1], [1, 0, 1, 1, 1, 3], [0, 0, 3, 1, 1, 1], [1, 0, 1, 0, 3, 0], [1, 0, 1, 3, 1, 0], [1, 0, 1, 0, 3, 0], [1, 0, 1, 0, 0, 3], [1, 0, 3, 0, 0, 0], [0, 0, 3, 0, 0, 0], [1, 0, 1, 0, 0, 3], [3, 0, 1, 0, 0, 0], [1, 0, 1, 0, 0, 3], [1, 0, 1, 0, 3, 0], [3, 0, 1, 0, 0, 0], [0, 0, 3, 0, 0, 0], [3, 1, 0, 0, 0, 1], [1, 1, 3, 0, 0, 1], [1, 3, 1, 0, 0, 1], [1, 0, 1, 0, 0, 3], [1, 0, 1, 0, 3, 0], [1, 3, 1, 0, 0, 1], [1, 1, 3, 0, 0, 1], [1, 0, 0, 0, 3, 1], [1, 3, 0, 0, 0, 1], [3, 1, 0, 0, 0, 1], [1, 0, 0, 3, 0, 1], [1, 0, 0, 0, 3, 1], [0, 0, 3, 0, 0, 1], [0, 0, 0, 3, 0, 1], [3, 0, 0, 1, 0, 1], [0, 0, 0, 1, 3, 0], [0, 0, 0, 1, 0, 3], [0, 0, 0, 3, 0, 1], [3, 1, 1, 1, 0, 0], [0, 1, 3, 1, 0, 0], [0, 3, 0, 1, 0, 0], [0, 0, 0, 1, 3, 0], [0, 1, 3, 1, 0, 0], [0, 0, 1, 1, 0, 3], [0, 3, 1, 1, 0, 0], [3, 1, 1, 1, 0, 0], [0, 0, 1, 1, 3, 0], [0, 0, 1, 1, 0, 3], [0, 0, 1, 3, 0, 0], [0, 0, 1, 1, 3, 0], [1, 1, 0, 1, 3, 0], [3, 1, 0, 1, 0, 0], [0, 1, 3, 1, 0, 0], [0, 3, 1, 1, 0, 0], [0, 0, 1, 3, 0, 0], [0, 1, 3, 1, 0, 0], [3, 1, 0, 1, 0, 0], [0, 1, 3, 0, 0, 0], [0, 1, 0, 3, 0, 0], [3, 1, 0, 1, 0, 0], [1, 1, 0, 1, 3, 0], [0, 1, 3, 0, 0, 0], [0, 1, 3, 1, 0, 0], [0, 3, 1, 1, 1, 1], [0, 1, 1, 1, 3, 1], [0, 1, 1, 1, 0, 3], [0, 1, 3, 1, 0, 0], [0, 1, 1, 1, 3, 1], [0, 1, 3, 1, 0, 1], [0, 1, 1, 1, 3, 1], [0, 3, 1, 1, 1, 1], [1, 1, 1, 1, 1, 3], [3, 1, 1, 1, 1, 1], [0, 1, 1, 1, 3, 1], [0, 1, 3, 1, 0, 1], [0, 1, 1, 3, 1, 1], [3, 1, 1, 1, 1, 1], [1, 1, 1, 1, 1, 3], [0, 1, 0, 0, 0, 3], [0, 1, 3, 0, 0, 1], [0, 1, 1, 0, 3, 1], [0, 1, 1, 3, 0, 1], [0, 1, 3, 0, 0, 1], [0, 1, 0, 0, 0, 3], [1, 1, 3, 1, 0, 0], [1, 1, 1, 1, 0, 3], [3, 1, 1, 1, 0, 1], [1, 0, 1, 0, 3, 1], [1, 3, 1, 1, 0, 1], [1, 0, 1, 3, 0, 1], [1, 3, 1, 1, 0, 1], [1, 1, 1, 1, 0, 3], [1, 1, 3, 1, 0, 0], [1, 0, 1, 0, 3, 1]]
========================================
