========================================
      FINAL EXPERIMENTAL STATISTICS      
========================================
Algorithm: WOA   Problem: 6-bit #1
b: 1.8   num_neighbors(N): 10
Trials: 100   Iterations: 3000
----------------------------------------
Best Gate Counts per Trial: [234, 232, 238, 238, 236, 234, 230, 234, 236, 236, 240, 234, 236, 230, 234, 230, 236, 238, 234, 240, 234, 228, 240, 236, 236, 232, 232, 244, 230, 232, 232, 236, 234, 230, 232, 240, 240, 232, 238, 236, 228, 242, 236, 232, 236, 236, 238, 242, 234, 240, 240, 234, 238, 236, 236, 242, 236, 234, 238, 234, 242, 246, 232, 234, 236, 238, 234, 228, 234, 232, 232, 222, 242, 242, 236, 234, 230, 240, 242, 234, 236, 242, 236, 232, 236, 230, 236, 236, 234, 238, 234, 234, 234, 234, 232, 236, 232, 234, 230, 236]
Global Minimum Gate Count:  222
Worst Gate Count:           246
Final Result (Gen 3000): 235.28 ± 3.94
Average Time per Experiment: 45.41s
----------------------------------------
Best Circuit Structure:
[[0, 1, 0, 0, 3, 0], [3, 1, 0, 0, 0, 0], [0, 1, 0, 0, 3, 0], [1, 1, 0, 3, 1, 1], [1, 1, 0, 0, 1, 3], [1, 1, 0, 0, 3, 0], [1, 1, 0, 3, 1, 1], [1, 1, 0, 3, 1, 0], [1, 0, 0, 1, 1, 3], [1, 3, 0, 1, 1, 0], [1, 0, 0, 1, 1, 3], [1, 1, 0, 3, 1, 0], [1, 0, 3, 1, 1, 1], [1, 0, 1, 1, 3, 1], [1, 0, 3, 1, 1, 1], [1, 3, 1, 0, 1, 0], [0, 0, 3, 0, 1, 1], [3, 0, 1, 0, 1, 1], [1, 0, 1, 0, 1, 3], [3, 0, 1, 0, 1, 1], [0, 0, 3, 0, 1, 1], [1, 3, 1, 0, 1, 0], [3, 1, 1, 0, 0, 1], [0, 3, 0, 0, 1, 1], [0, 1, 1, 0, 3, 1], [0, 1, 3, 0, 1, 1], [0, 3, 0, 0, 1, 1], [0, 1, 1, 3, 1, 1], [0, 1, 1, 0, 3, 1], [3, 1, 1, 0, 0, 1], [0, 1, 3, 1, 1, 1], [0, 3, 0, 1, 1, 1], [3, 0, 0, 0, 0, 1], [0, 0, 0, 0, 3, 1], [0, 0, 0, 3, 1, 1], [0, 0, 0, 0, 3, 1], [0, 3, 0, 1, 1, 1], [0, 0, 0, 3, 0, 1], [3, 0, 0, 0, 0, 1], [0, 1, 1, 1, 1, 3], [0, 0, 0, 1, 3, 1], [0, 3, 1, 1, 1, 1], [0, 0, 3, 1, 1, 1], [0, 3, 1, 1, 1, 1], [0, 1, 1, 1, 1, 3], [0, 0, 0, 1, 3, 1], [1, 0, 3, 1, 1, 0], [3, 1, 1, 1, 1, 0], [1, 3, 1, 1, 1, 0], [3, 1, 1, 1, 1, 0], [1, 0, 1, 1, 1, 3], [1, 0, 3, 1, 1, 0], [1, 0, 1, 3, 1, 1], [1, 0, 1, 0, 1, 3], [0, 0, 3, 0, 1, 0], [3, 0, 1, 0, 1, 0], [1, 0, 1, 0, 1, 3], [0, 0, 3, 0, 1, 0], [1, 0, 1, 3, 1, 1], [0, 0, 0, 3, 1, 0], [0, 0, 0, 1, 3, 0], [0, 0, 0, 3, 1, 0], [1, 0, 0, 3, 0, 0], [3, 0, 1, 0, 1, 1], [1, 0, 3, 0, 1, 0], [1, 0, 1, 0, 1, 3], [3, 0, 1, 0, 1, 1], [1, 0, 3, 0, 1, 0], [1, 0, 0, 0, 3, 0], [1, 0, 0, 3, 0, 0], [0, 0, 1, 0, 3, 1], [1, 1, 1, 3, 0, 1], [1, 3, 1, 0, 0, 1], [3, 0, 1, 0, 0, 1], [1, 3, 1, 0, 0, 1], [1, 1, 1, 3, 0, 1], [0, 0, 1, 0, 3, 1], [0, 1, 0, 3, 1, 0], [0, 1, 0, 0, 1, 3], [0, 1, 0, 3, 1, 0], [0, 3, 1, 1, 0, 0], [3, 0, 1, 1, 0, 0], [1, 0, 1, 3, 1, 1], [1, 0, 1, 1, 3, 1], [1, 0, 1, 1, 0, 3], [1, 0, 1, 1, 3, 1], [1, 0, 1, 3, 1, 1], [3, 0, 1, 1, 0, 0], [0, 0, 1, 0, 3, 0], [0, 0, 1, 3, 0, 0], [0, 0, 1, 0, 3, 0], [0, 3, 1, 1, 0, 0], [0, 3, 1, 0, 1, 0], [1, 1, 1, 3, 1, 1], [1, 1, 1, 0, 1, 3], [3, 1, 1, 0, 1, 0], [1, 1, 1, 0, 1, 3], [1, 1, 1, 3, 1, 1], [0, 3, 1, 0, 1, 0], [1, 3, 1, 1, 1, 1], [0, 0, 3, 1, 1, 1], [3, 0, 1, 1, 1, 1], [1, 3, 1, 1, 1, 1], [0, 0, 3, 1, 1, 1], [1, 0, 1, 1, 1, 3], [3, 0, 0, 1, 1, 1], [1, 0, 3, 1, 1, 1], [1, 0, 1, 1, 1, 3], [3, 0, 0, 1, 1, 1], [1, 0, 1, 0, 3, 0], [1, 0, 1, 3, 1, 0], [1, 0, 1, 0, 3, 0], [1, 0, 3, 0, 0, 0], [1, 0, 3, 0, 0, 1], [3, 0, 0, 0, 0, 0], [1, 0, 0, 0, 0, 3], [1, 0, 3, 0, 0, 1], [3, 0, 0, 0, 0, 0], [1, 0, 1, 0, 3, 0], [1, 0, 3, 0, 0, 0], [3, 0, 0, 0, 0, 0], [1, 0, 1, 0, 3, 0], [3, 0, 1, 0, 1, 0], [0, 0, 3, 0, 1, 0], [0, 1, 0, 0, 0, 3], [0, 0, 0, 0, 3, 0], [0, 3, 0, 0, 0, 0], [0, 0, 0, 0, 3, 0], [0, 1, 0, 0, 0, 3], [0, 0, 3, 0, 1, 0], [3, 0, 1, 0, 1, 0], [3, 1, 0, 0, 0, 1], [1, 0, 0, 0, 3, 1], [1, 3, 0, 0, 0, 1], [3, 1, 0, 0, 0, 1], [1, 0, 0, 3, 0, 1], [1, 0, 0, 0, 3, 1], [3, 0, 0, 1, 0, 1], [0, 0, 3, 0, 0, 1], [0, 0, 0, 3, 0, 1], [3, 0, 0, 1, 0, 1], [0, 0, 0, 0, 0, 3], [0, 0, 0, 3, 0, 0], [0, 0, 0, 1, 3, 0], [0, 0, 0, 3, 0, 0], [0, 0, 0, 0, 0, 3], [1, 1, 1, 1, 3, 0], [3, 0, 0, 1, 1, 0], [1, 1, 3, 1, 1, 0], [1, 3, 0, 1, 1, 0], [1, 1, 3, 1, 1, 0], [3, 0, 0, 1, 1, 0], [1, 1, 1, 1, 3, 0], [3, 1, 1, 1, 0, 0], [0, 0, 1, 1, 0, 3], [0, 3, 1, 1, 0, 0], [3, 1, 1, 1, 0, 0], [0, 0, 1, 1, 3, 0], [0, 0, 1, 1, 0, 3], [0, 0, 1, 0, 3, 0], [3, 1, 0, 1, 1, 0], [0, 3, 0, 1, 1, 0], [0, 0, 3, 1, 1, 0], [0, 0, 1, 3, 1, 0], [0, 0, 1, 0, 3, 0], [0, 3, 0, 1, 1, 0], [0, 1, 3, 1, 1, 0], [0, 1, 1, 0, 3, 0], [0, 1, 1, 3, 1, 0], [0, 1, 3, 1, 1, 0], [0, 1, 1, 0, 3, 0], [3, 1, 0, 1, 1, 0], [0, 1, 1, 3, 0, 0], [0, 1, 3, 1, 0, 0], [0, 1, 1, 3, 0, 0], [0, 3, 1, 1, 1, 1], [0, 1, 1, 1, 1, 3], [0, 1, 0, 1, 3, 0], [0, 1, 3, 1, 1, 0], [0, 1, 1, 1, 1, 3], [0, 1, 0, 1, 3, 0], [0, 1, 3, 1, 0, 1], [0, 1, 1, 1, 3, 1], [0, 3, 1, 1, 1, 1], [0, 1, 1, 1, 3, 1], [3, 1, 1, 1, 1, 0], [0, 1, 1, 1, 1, 3], [3, 1, 1, 1, 1, 0], [0, 1, 1, 1, 3, 1], [0, 1, 3, 1, 0, 1], [0, 1, 1, 0, 1, 3], [0, 1, 1, 3, 1, 0], [3, 1, 1, 1, 1, 0], [0, 1, 1, 3, 1, 0], [0, 1, 1, 0, 3, 0], [0, 1, 3, 0, 0, 0], [0, 1, 1, 0, 3, 0], [0, 1, 1, 0, 1, 3], [0, 1, 0, 3, 0, 0], [0, 1, 3, 1, 0, 0], [0, 1, 1, 1, 0, 3], [0, 1, 3, 1, 0, 0], [0, 1, 0, 3, 0, 0], [0, 1, 1, 1, 0, 3], [1, 1, 3, 1, 0, 0], [3, 1, 1, 1, 0, 0], [0, 1, 1, 1, 0, 3], [1, 1, 3, 1, 0, 0], [0, 3, 1, 0, 0, 1], [0, 0, 1, 0, 0, 3], [3, 0, 1, 1, 0, 0], [0, 0, 1, 3, 0, 0], [0, 0, 1, 0, 0, 3], [3, 0, 1, 1, 0, 0], [0, 3, 1, 0, 0, 1], [1, 1, 1, 0, 0, 3], [3, 1, 1, 0, 0, 1], [1, 1, 1, 0, 3, 1], [1, 1, 1, 0, 0, 3], [1, 1, 3, 0, 1, 1], [1, 1, 0, 3, 0, 1], [1, 1, 0, 0, 3, 1]]
========================================
