========================================
      FINAL EXPERIMENTAL STATISTICS      
========================================
Algorithm: WOA   Problem: 6-bit #1
b: 0.8   num_neighbors(N): 10
Trials: 100   Iterations: 3000
----------------------------------------
Best Gate Counts per Trial: [216, 218, 222, 220, 220, 226, 222, 222, 224, 226, 222, 218, 220, 228, 214, 226, 220, 222, 216, 214, 224, 222, 222, 224, 220, 222, 228, 222, 230, 222, 228, 222, 230, 224, 228, 218, 222, 222, 210, 218, 210, 224, 218, 218, 220, 220, 222, 222, 230, 216, 224, 226, 236, 222, 226, 222, 224, 224, 222, 218, 230, 220, 226, 224, 224, 240, 216, 224, 222, 220, 214, 224, 224, 228, 222, 226, 224, 226, 224, 216, 218, 218, 218, 224, 216, 216, 220, 222, 226, 222, 222, 228, 220, 230, 224, 224, 218, 218, 216, 230]
Global Minimum Gate Count:  210
Worst Gate Count:           240
Final Result (Gen 3000): 222.22 ± 4.83
Average Time per Experiment: 45.04s
----------------------------------------
Best Circuit Structure:
[[3, 0, 0, 0, 1, 1], [1, 0, 0, 0, 1, 3], [1, 3, 1, 0, 1, 0], [1, 0, 3, 0, 1, 0], [1, 3, 1, 0, 1, 0], [1, 0, 0, 0, 1, 3], [1, 1, 1, 0, 3, 1], [1, 1, 3, 0, 1, 1], [1, 3, 0, 0, 1, 1], [1, 1, 3, 0, 1, 1], [1, 1, 1, 0, 3, 1], [3, 0, 0, 0, 1, 1], [0, 1, 1, 1, 3, 1], [3, 1, 1, 0, 0, 1], [0, 1, 1, 3, 0, 1], [3, 1, 1, 0, 0, 1], [0, 1, 1, 1, 3, 1], [0, 1, 3, 1, 1, 1], [1, 0, 0, 0, 3, 1], [3, 1, 0, 1, 1, 1], [1, 0, 0, 3, 1, 1], [1, 3, 0, 1, 1, 1], [3, 1, 0, 1, 1, 1], [1, 0, 0, 3, 1, 1], [1, 0, 0, 0, 3, 1], [0, 0, 0, 3, 0, 1], [3, 0, 0, 0, 0, 1], [0, 0, 0, 3, 0, 1], [0, 1, 3, 1, 1, 0], [0, 0, 0, 1, 0, 3], [0, 3, 0, 1, 0, 0], [0, 1, 0, 1, 3, 0], [0, 1, 3, 1, 1, 0], [0, 3, 0, 1, 0, 0], [0, 0, 0, 1, 0, 3], [0, 3, 1, 1, 1, 0], [3, 0, 0, 1, 1, 0], [0, 0, 3, 1, 1, 0], [3, 0, 0, 1, 1, 0], [0, 3, 1, 1, 1, 0], [1, 0, 1, 1, 1, 3], [0, 0, 0, 3, 1, 0], [3, 0, 0, 1, 1, 0], [1, 0, 3, 1, 1, 0], [1, 0, 1, 1, 1, 3], [0, 0, 0, 1, 3, 0], [0, 0, 0, 3, 1, 0], [1, 3, 1, 1, 0, 0], [3, 1, 1, 0, 0, 1], [1, 1, 1, 0, 0, 3], [1, 1, 1, 3, 0, 0], [1, 3, 1, 1, 0, 0], [3, 1, 1, 0, 0, 1], [1, 1, 1, 0, 3, 1], [1, 1, 1, 0, 0, 3], [1, 1, 1, 0, 3, 1], [1, 1, 3, 0, 1, 1], [1, 1, 0, 3, 1, 1], [1, 1, 0, 1, 3, 1], [1, 1, 0, 3, 1, 1], [1, 1, 0, 3, 0, 1], [1, 1, 0, 0, 3, 0], [3, 1, 0, 0, 1, 0], [1, 1, 0, 0, 1, 3], [1, 1, 0, 3, 1, 1], [1, 1, 0, 0, 1, 3], [1, 1, 0, 0, 3, 0], [1, 1, 0, 0, 1, 3], [1, 1, 0, 3, 1, 1], [1, 3, 0, 1, 1, 1], [1, 1, 0, 3, 1, 1], [1, 3, 0, 1, 1, 1], [1, 1, 0, 0, 1, 3], [1, 0, 1, 1, 3, 1], [1, 0, 3, 1, 1, 1], [1, 0, 1, 1, 3, 1], [1, 1, 1, 1, 3, 1], [3, 1, 1, 1, 1, 1], [0, 1, 1, 3, 1, 1], [0, 3, 1, 0, 1, 1], [0, 1, 1, 3, 1, 1], [3, 1, 1, 1, 1, 1], [1, 0, 0, 3, 1, 0], [1, 1, 3, 1, 1, 1], [1, 0, 0, 1, 1, 3], [1, 3, 0, 1, 1, 1], [1, 0, 0, 1, 1, 3], [1, 1, 3, 1, 1, 1], [1, 1, 1, 1, 3, 1], [1, 0, 0, 1, 3, 0], [1, 0, 0, 3, 1, 0], [0, 1, 0, 3, 1, 0], [0, 1, 0, 0, 1, 3], [0, 1, 0, 3, 1, 0], [0, 1, 0, 1, 3, 1], [0, 0, 3, 1, 1, 1], [0, 3, 0, 1, 1, 1], [0, 1, 0, 1, 3, 1], [0, 0, 3, 1, 1, 1], [3, 1, 1, 1, 1, 0], [0, 1, 0, 1, 3, 1], [0, 1, 3, 1, 1, 1], [0, 1, 1, 1, 1, 3], [0, 1, 3, 1, 1, 1], [0, 1, 0, 1, 3, 1], [0, 1, 1, 0, 1, 3], [0, 1, 1, 3, 1, 0], [3, 1, 1, 1, 1, 0], [0, 1, 3, 0, 0, 0], [0, 1, 1, 0, 3, 0], [0, 1, 1, 0, 1, 3], [0, 1, 1, 1, 0, 3], [0, 1, 1, 3, 0, 0], [0, 1, 3, 0, 0, 0], [1, 1, 3, 1, 0, 0], [3, 1, 1, 1, 0, 0], [0, 1, 1, 1, 0, 3], [1, 1, 1, 1, 3, 0], [1, 0, 1, 0, 1, 3], [1, 0, 1, 3, 1, 0], [1, 3, 1, 1, 1, 0], [1, 0, 1, 3, 1, 0], [1, 1, 1, 1, 3, 0], [1, 1, 3, 1, 0, 0], [3, 0, 1, 0, 1, 0], [0, 1, 1, 1, 3, 0], [0, 1, 1, 3, 1, 0], [0, 3, 1, 0, 1, 0], [3, 0, 1, 0, 1, 0], [0, 1, 1, 3, 1, 0], [1, 0, 1, 0, 1, 3], [0, 1, 1, 1, 3, 0], [0, 3, 1, 0, 1, 0], [0, 1, 1, 3, 0, 0], [0, 1, 1, 0, 3, 0], [0, 1, 1, 3, 0, 0], [1, 1, 1, 3, 1, 1], [3, 1, 1, 0, 1, 1], [0, 1, 1, 0, 1, 3], [0, 3, 1, 0, 1, 0], [3, 1, 1, 0, 1, 1], [1, 1, 1, 3, 1, 1], [3, 0, 0, 1, 1, 1], [1, 0, 3, 1, 1, 1], [1, 3, 1, 1, 1, 1], [1, 0, 1, 1, 1, 3], [1, 0, 3, 1, 1, 1], [3, 0, 0, 1, 1, 1], [1, 0, 1, 3, 1, 0], [1, 0, 1, 0, 3, 0], [1, 0, 1, 3, 1, 0], [1, 0, 1, 0, 0, 3], [1, 0, 3, 0, 0, 0], [3, 0, 0, 0, 0, 0], [1, 0, 3, 0, 0, 0], [1, 0, 1, 0, 0, 3], [1, 0, 1, 0, 3, 0], [1, 0, 3, 0, 0, 0], [3, 0, 0, 0, 0, 0], [1, 0, 3, 0, 1, 0], [0, 1, 0, 0, 0, 3], [1, 0, 0, 0, 3, 0], [0, 3, 0, 0, 0, 0], [3, 0, 0, 0, 0, 0], [0, 3, 0, 0, 0, 0], [1, 0, 0, 0, 3, 0], [0, 1, 0, 0, 0, 3], [1, 0, 3, 0, 1, 0], [1, 0, 0, 0, 3, 1], [3, 1, 0, 0, 0, 1], [1, 3, 0, 0, 0, 1], [1, 0, 0, 0, 3, 1], [3, 1, 0, 0, 0, 1], [1, 0, 0, 3, 0, 1], [1, 0, 0, 0, 3, 1], [0, 0, 3, 0, 0, 1], [3, 0, 0, 0, 0, 1], [1, 0, 0, 3, 0, 1], [0, 0, 0, 1, 1, 3], [0, 0, 0, 3, 0, 1], [0, 0, 0, 1, 3, 1], [0, 0, 0, 3, 0, 1], [0, 0, 0, 1, 1, 3], [3, 0, 0, 1, 1, 0], [1, 0, 3, 1, 1, 0], [1, 3, 1, 1, 0, 0], [1, 0, 1, 1, 3, 0], [1, 0, 3, 1, 1, 0], [3, 0, 0, 1, 1, 0], [3, 0, 1, 1, 0, 0], [0, 0, 1, 1, 0, 3], [3, 0, 1, 1, 0, 0], [1, 3, 1, 1, 0, 0], [0, 0, 1, 1, 3, 1], [0, 0, 1, 1, 1, 3], [0, 0, 1, 1, 3, 1], [0, 0, 1, 3, 0, 0], [1, 3, 0, 1, 1, 0], [3, 0, 1, 1, 1, 0], [1, 0, 3, 1, 1, 0], [3, 0, 1, 1, 1, 0], [0, 0, 1, 1, 3, 0], [0, 0, 1, 3, 0, 0], [1, 3, 0, 1, 1, 0], [0, 1, 3, 0, 0, 0], [1, 1, 0, 1, 3, 0], [0, 1, 0, 3, 0, 0], [3, 1, 0, 1, 0, 0], [1, 1, 0, 1, 3, 0], [0, 1, 3, 0, 0, 0]]
========================================
