========================================
      FINAL EXPERIMENTAL STATISTICS      
========================================
Algorithm: WOA   Problem: 6-bit #1
b: 1.0   num_neighbors(N): 10
Trials: 100   Iterations: 3000
----------------------------------------
Best Gate Counts per Trial: [226, 226, 228, 228, 228, 222, 226, 228, 222, 226, 224, 236, 218, 226, 220, 228, 228, 224, 228, 224, 224, 228, 224, 230, 222, 222, 228, 236, 222, 230, 230, 230, 220, 224, 236, 234, 228, 222, 224, 222, 226, 226, 222, 224, 232, 228, 228, 232, 228, 234, 230, 222, 222, 224, 220, 238, 226, 232, 228, 230, 226, 222, 226, 232, 222, 234, 226, 232, 228, 224, 230, 228, 224, 228, 226, 222, 228, 232, 222, 226, 230, 224, 226, 228, 222, 218, 234, 220, 228, 228, 222, 226, 228, 228, 224, 226, 230, 234, 222, 226]
Global Minimum Gate Count:  218
Worst Gate Count:           238
Final Result (Gen 3000): 226.66 ± 4.21
Average Time per Experiment: 45.20s
----------------------------------------
Best Circuit Structure:
[[3, 0, 1, 0, 1, 1], [1, 3, 1, 0, 1, 1], [1, 1, 1, 1, 3, 1], [1, 1, 1, 3, 1, 1], [1, 1, 1, 1, 3, 1], [1, 3, 1, 0, 1, 1], [3, 0, 1, 0, 1, 1], [1, 0, 0, 0, 3, 0], [1, 1, 1, 1, 0, 3], [1, 0, 3, 0, 0, 0], [1, 0, 1, 3, 0, 0], [1, 3, 1, 1, 0, 0], [1, 0, 1, 3, 0, 0], [1, 0, 3, 0, 0, 0], [1, 1, 1, 1, 0, 3], [1, 0, 0, 0, 3, 0], [1, 0, 0, 3, 1, 0], [1, 0, 0, 1, 3, 0], [1, 0, 0, 3, 1, 0], [1, 1, 0, 0, 3, 0], [3, 1, 0, 0, 1, 0], [1, 1, 0, 1, 1, 3], [1, 1, 0, 3, 1, 0], [1, 1, 0, 0, 3, 0], [1, 1, 0, 1, 1, 3], [1, 1, 0, 0, 1, 3], [1, 3, 0, 1, 1, 1], [1, 1, 0, 3, 1, 1], [1, 1, 0, 0, 1, 3], [1, 0, 3, 1, 1, 1], [1, 0, 1, 1, 3, 1], [1, 0, 3, 1, 1, 1], [1, 0, 3, 1, 1, 0], [3, 1, 1, 1, 1, 0], [1, 3, 1, 1, 1, 0], [3, 1, 1, 1, 1, 0], [1, 0, 1, 1, 1, 3], [1, 0, 3, 1, 1, 0], [0, 0, 0, 3, 1, 0], [0, 0, 3, 1, 1, 0], [3, 0, 1, 1, 1, 1], [0, 0, 1, 1, 1, 3], [0, 0, 3, 1, 1, 0], [3, 0, 1, 1, 1, 1], [0, 0, 0, 1, 3, 0], [0, 0, 0, 3, 1, 0], [0, 0, 3, 1, 0, 0], [3, 1, 1, 0, 1, 0], [0, 3, 1, 1, 0, 0], [0, 1, 1, 3, 1, 0], [0, 1, 1, 1, 3, 0], [0, 3, 1, 1, 0, 0], [0, 1, 1, 3, 1, 0], [3, 1, 1, 0, 1, 0], [0, 0, 3, 1, 0, 0], [1, 3, 1, 0, 1, 0], [0, 0, 3, 0, 1, 1], [1, 0, 1, 0, 1, 3], [3, 0, 1, 0, 1, 1], [1, 0, 1, 0, 1, 3], [0, 0, 3, 0, 1, 1], [1, 3, 1, 0, 1, 0], [1, 1, 1, 0, 3, 1], [3, 1, 1, 0, 1, 1], [0, 3, 0, 0, 1, 1], [0, 1, 3, 0, 1, 1], [0, 3, 0, 0, 1, 1], [3, 1, 1, 0, 1, 1], [1, 1, 1, 0, 3, 1], [0, 1, 1, 1, 3, 1], [3, 1, 1, 0, 0, 1], [0, 1, 1, 3, 0, 1], [3, 1, 1, 0, 0, 1], [0, 1, 1, 1, 3, 1], [0, 1, 3, 1, 1, 1], [3, 1, 0, 1, 1, 1], [1, 0, 0, 3, 0, 1], [1, 3, 0, 1, 0, 1], [1, 1, 0, 1, 3, 1], [1, 3, 0, 1, 0, 1], [3, 1, 0, 1, 1, 1], [3, 0, 0, 1, 0, 1], [1, 0, 0, 3, 0, 1], [0, 3, 1, 0, 1, 0], [0, 1, 1, 3, 0, 0], [0, 1, 1, 0, 3, 0], [0, 1, 1, 3, 0, 0], [3, 1, 1, 1, 1, 1], [0, 1, 1, 1, 1, 3], [0, 1, 1, 3, 1, 0], [0, 1, 1, 1, 1, 3], [0, 3, 1, 0, 1, 0], [0, 0, 3, 1, 1, 1], [0, 3, 1, 1, 1, 1], [3, 1, 1, 1, 1, 1], [1, 0, 1, 1, 1, 3], [3, 0, 1, 1, 1, 1], [0, 0, 3, 1, 1, 1], [1, 0, 1, 1, 1, 3], [1, 0, 1, 3, 0, 0], [1, 0, 1, 1, 3, 0], [1, 0, 1, 3, 0, 0], [1, 0, 1, 0, 0, 3], [1, 0, 3, 0, 0, 0], [1, 0, 3, 0, 0, 1], [3, 0, 0, 0, 0, 0], [1, 0, 0, 0, 0, 3], [3, 0, 0, 0, 0, 0], [1, 0, 3, 0, 0, 1], [1, 0, 1, 0, 3, 0], [3, 0, 1, 0, 0, 0], [0, 0, 3, 0, 0, 0], [0, 3, 1, 0, 0, 0], [0, 1, 3, 0, 0, 1], [0, 1, 1, 0, 0, 3], [0, 3, 1, 0, 0, 0], [3, 0, 1, 0, 0, 0], [1, 0, 1, 0, 3, 0], [0, 1, 3, 0, 0, 1], [0, 3, 0, 0, 0, 1], [0, 0, 0, 0, 3, 1], [3, 0, 0, 0, 1, 1], [0, 0, 0, 0, 3, 1], [0, 3, 0, 0, 0, 1], [1, 0, 0, 3, 0, 1], [1, 0, 0, 0, 3, 1], [0, 0, 3, 0, 0, 1], [3, 0, 0, 0, 0, 1], [1, 0, 0, 3, 0, 1], [0, 0, 0, 1, 3, 0], [0, 0, 0, 3, 0, 1], [0, 0, 0, 1, 0, 3], [0, 0, 0, 1, 3, 0], [0, 0, 0, 3, 0, 1], [1, 1, 1, 1, 3, 0], [1, 3, 1, 1, 1, 0], [0, 0, 3, 1, 1, 0], [3, 0, 1, 1, 1, 0], [1, 3, 1, 1, 1, 0], [0, 0, 3, 1, 1, 0], [1, 1, 1, 1, 3, 0], [1, 3, 1, 1, 0, 0], [3, 0, 1, 1, 0, 1], [1, 0, 1, 1, 0, 3], [1, 3, 1, 1, 0, 0], [3, 0, 1, 1, 0, 1], [0, 0, 1, 1, 3, 1], [0, 0, 1, 1, 1, 3], [0, 0, 1, 1, 3, 1], [0, 0, 1, 0, 3, 0], [0, 0, 1, 3, 1, 0], [1, 1, 0, 3, 1, 0], [1, 1, 3, 0, 1, 0], [0, 3, 1, 0, 1, 0], [3, 1, 1, 0, 1, 0], [1, 1, 3, 0, 1, 0], [0, 3, 1, 0, 1, 0], [0, 0, 1, 0, 3, 0], [0, 1, 3, 0, 0, 0], [3, 1, 0, 0, 0, 0], [1, 1, 0, 0, 3, 0], [3, 1, 0, 0, 0, 0], [1, 1, 0, 3, 1, 0], [0, 1, 0, 3, 0, 0], [0, 1, 3, 0, 0, 0], [0, 0, 1, 1, 3, 1], [0, 1, 3, 1, 0, 0], [0, 3, 1, 1, 0, 1], [0, 1, 1, 1, 0, 3], [0, 1, 3, 1, 0, 0], [0, 3, 1, 1, 0, 1], [0, 1, 3, 1, 0, 1], [0, 3, 1, 1, 0, 1], [0, 0, 1, 1, 3, 1], [3, 1, 1, 1, 1, 0], [0, 1, 1, 1, 1, 3], [0, 1, 1, 1, 3, 1], [0, 1, 1, 1, 1, 3], [0, 1, 3, 1, 0, 1], [0, 1, 1, 0, 1, 3], [0, 1, 1, 3, 1, 0], [3, 1, 1, 1, 1, 0], [0, 1, 1, 0, 1, 3], [0, 1, 3, 0, 0, 0], [0, 1, 1, 0, 0, 3], [0, 1, 1, 0, 3, 1], [0, 1, 1, 3, 0, 1], [0, 1, 1, 0, 0, 3], [0, 1, 3, 0, 0, 0], [3, 1, 1, 1, 0, 1], [1, 1, 0, 1, 0, 3], [1, 1, 3, 1, 0, 1], [3, 1, 1, 1, 0, 1], [1, 3, 1, 0, 1, 1], [1, 1, 1, 3, 1, 1], [1, 1, 3, 1, 0, 1], [1, 1, 1, 1, 3, 1], [1, 1, 3, 1, 0, 1], [1, 1, 1, 3, 1, 1], [1, 3, 1, 0, 1, 1], [1, 1, 0, 1, 0, 3], [3, 0, 1, 1, 0, 0], [0, 3, 1, 0, 0, 1], [0, 0, 1, 0, 0, 3], [0, 0, 1, 3, 0, 0], [0, 0, 1, 0, 0, 3], [0, 3, 1, 0, 0, 1], [3, 0, 1, 1, 0, 0], [1, 1, 1, 0, 0, 3], [3, 1, 1, 0, 0, 1], [1, 1, 1, 0, 3, 1], [1, 1, 1, 0, 0, 3], [1, 1, 3, 0, 1, 1], [1, 1, 0, 3, 0, 1], [1, 1, 0, 0, 3, 1], [0, 1, 0, 3, 1, 0], [0, 1, 0, 0, 1, 3], [0, 1, 0, 3, 1, 0]]
========================================
