========================================
      FINAL EXPERIMENTAL STATISTICS      
========================================
Algorithm: WOA   Problem: 6-bit #1
b: 0.5   num_neighbors(N): 10
Trials: 100   Iterations: 3000
----------------------------------------
Best Gate Counts per Trial: [222, 224, 224, 218, 220, 224, 214, 212, 224, 220, 220, 212, 218, 226, 222, 222, 212, 214, 220, 210, 210, 220, 222, 220, 228, 226, 214, 212, 214, 206, 220, 210, 214, 216, 220, 216, 216, 220, 220, 222, 234, 222, 222, 214, 224, 218, 210, 218, 206, 216, 218, 220, 204, 212, 216, 222, 218, 218, 220, 216, 234, 218, 214, 216, 224, 212, 212, 216, 200, 218, 218, 218, 234, 218, 212, 214, 228, 210, 220, 224, 214, 222, 220, 218, 224, 222, 216, 214, 220, 224, 214, 216, 218, 228, 208, 222, 218, 212, 220, 222]
Global Minimum Gate Count:  200
Worst Gate Count:           234
Final Result (Gen 3000): 218.04 ± 5.95
Average Time per Experiment: 43.78s
----------------------------------------
Best Circuit Structure:
[[0, 0, 1, 1, 0, 3], [3, 1, 1, 1, 0, 0], [0, 3, 1, 1, 0, 0], [3, 1, 1, 1, 0, 0], [0, 0, 1, 1, 0, 3], [0, 0, 1, 1, 3, 1], [0, 0, 1, 1, 1, 3], [0, 0, 1, 1, 3, 1], [0, 0, 1, 0, 3, 0], [1, 1, 3, 1, 1, 0], [3, 0, 1, 1, 1, 0], [1, 3, 1, 1, 1, 0], [3, 0, 1, 1, 1, 0], [0, 0, 1, 3, 1, 0], [0, 0, 1, 0, 3, 0], [3, 1, 1, 1, 1, 0], [0, 1, 1, 3, 1, 0], [0, 1, 1, 0, 3, 0], [0, 1, 1, 3, 1, 0], [3, 1, 1, 1, 1, 0], [1, 1, 3, 1, 1, 0], [0, 1, 0, 3, 0, 0], [0, 1, 3, 0, 0, 0], [0, 1, 0, 3, 0, 0], [0, 0, 3, 1, 1, 1], [0, 3, 0, 1, 1, 1], [0, 1, 0, 1, 3, 1], [0, 1, 0, 1, 0, 3], [0, 3, 0, 1, 1, 1], [0, 0, 3, 1, 1, 1], [0, 1, 3, 1, 0, 1], [3, 1, 1, 1, 1, 0], [0, 1, 1, 1, 3, 1], [0, 1, 1, 1, 1, 3], [0, 1, 1, 1, 3, 1], [0, 1, 3, 1, 0, 1], [0, 1, 1, 0, 1, 3], [0, 1, 1, 3, 1, 0], [0, 1, 1, 0, 1, 3], [3, 1, 1, 1, 1, 0], [0, 1, 3, 0, 0, 0], [0, 1, 1, 0, 0, 3], [0, 1, 1, 0, 3, 1], [0, 1, 1, 3, 0, 1], [0, 1, 1, 0, 0, 3], [0, 1, 3, 0, 0, 0], [1, 1, 0, 1, 0, 3], [3, 1, 1, 1, 0, 1], [1, 1, 3, 1, 0, 1], [3, 1, 1, 1, 0, 1], [1, 1, 0, 1, 0, 3], [1, 0, 1, 3, 1, 1], [1, 1, 3, 1, 0, 0], [1, 0, 1, 1, 1, 3], [1, 3, 1, 1, 1, 0], [1, 1, 1, 1, 3, 0], [1, 3, 1, 1, 1, 0], [1, 1, 3, 1, 0, 0], [0, 3, 1, 1, 0, 0], [0, 0, 1, 1, 3, 0], [3, 0, 1, 1, 1, 0], [1, 0, 1, 1, 1, 3], [0, 0, 1, 1, 3, 0], [1, 0, 1, 3, 1, 1], [0, 0, 1, 0, 3, 0], [0, 0, 1, 3, 0, 0], [0, 0, 1, 0, 3, 0], [0, 3, 1, 1, 0, 0], [0, 0, 1, 3, 1, 0], [1, 3, 1, 1, 1, 1], [1, 0, 1, 1, 1, 3], [3, 0, 1, 1, 1, 0], [1, 0, 1, 1, 1, 3], [0, 0, 1, 3, 1, 0], [0, 0, 3, 1, 1, 1], [3, 0, 1, 1, 1, 1], [1, 3, 1, 1, 1, 1], [0, 0, 1, 1, 1, 3], [3, 0, 1, 1, 1, 0], [0, 0, 1, 1, 1, 3], [0, 0, 3, 1, 1, 1], [1, 0, 1, 1, 3, 0], [1, 0, 1, 3, 0, 0], [1, 0, 1, 1, 3, 0], [1, 0, 3, 0, 0, 0], [1, 0, 0, 0, 0, 3], [1, 0, 3, 0, 0, 1], [1, 0, 0, 0, 0, 3], [3, 0, 0, 0, 0, 0], [1, 0, 1, 0, 0, 3], [1, 0, 3, 0, 0, 0], [3, 0, 0, 0, 0, 0], [1, 0, 1, 0, 0, 3], [3, 0, 0, 0, 0, 0], [1, 0, 3, 0, 1, 0], [1, 0, 0, 0, 3, 0], [3, 0, 0, 0, 0, 0], [0, 1, 0, 0, 3, 1], [0, 3, 0, 0, 1, 1], [3, 0, 0, 0, 1, 1], [1, 0, 0, 0, 1, 3], [1, 0, 3, 0, 1, 0], [0, 3, 0, 0, 1, 1], [0, 1, 0, 0, 3, 1], [1, 0, 0, 1, 3, 1], [1, 0, 0, 3, 1, 1], [1, 0, 0, 1, 3, 1], [0, 0, 3, 0, 0, 1], [0, 0, 0, 3, 0, 1], [3, 0, 0, 1, 0, 1], [0, 0, 0, 1, 3, 1], [0, 0, 0, 1, 1, 3], [0, 0, 0, 1, 3, 1], [0, 0, 0, 3, 0, 1], [1, 1, 0, 0, 3, 0], [3, 1, 0, 0, 1, 0], [1, 1, 0, 3, 1, 1], [1, 1, 0, 0, 1, 3], [1, 1, 0, 3, 1, 1], [1, 1, 0, 0, 3, 0], [1, 1, 0, 0, 1, 3], [1, 3, 0, 1, 1, 1], [1, 1, 0, 3, 1, 1], [1, 1, 0, 0, 1, 3], [1, 0, 3, 1, 1, 1], [1, 0, 1, 1, 3, 1], [1, 0, 3, 1, 1, 1], [0, 0, 3, 0, 1, 1], [0, 3, 1, 0, 1, 1], [3, 1, 1, 0, 1, 1], [1, 1, 1, 0, 1, 3], [1, 1, 1, 0, 3, 1], [3, 1, 1, 0, 1, 1], [0, 3, 1, 0, 1, 1], [0, 0, 3, 0, 1, 1], [3, 1, 1, 0, 0, 1], [0, 1, 1, 3, 1, 1], [0, 1, 1, 0, 3, 1], [3, 1, 1, 0, 0, 1], [0, 1, 1, 3, 1, 1], [0, 1, 3, 1, 1, 1], [1, 0, 0, 3, 0, 1], [0, 3, 0, 1, 1, 1], [3, 0, 0, 1, 0, 1], [0, 0, 0, 1, 3, 1], [0, 3, 0, 1, 1, 1], [1, 0, 0, 3, 0, 1], [0, 3, 1, 1, 1, 0], [0, 0, 1, 1, 1, 3], [0, 0, 1, 1, 3, 1], [0, 0, 3, 1, 0, 1], [0, 0, 1, 1, 3, 1], [0, 0, 1, 1, 1, 3], [1, 0, 3, 1, 1, 0], [3, 0, 1, 1, 1, 0], [0, 3, 1, 1, 1, 0], [1, 0, 1, 1, 1, 3], [1, 0, 3, 1, 1, 0], [1, 0, 1, 1, 1, 3], [3, 0, 1, 1, 1, 0], [0, 0, 0, 3, 1, 0], [0, 0, 3, 1, 1, 0], [3, 0, 1, 1, 1, 0], [0, 0, 0, 3, 1, 0], [1, 0, 1, 1, 1, 3], [0, 0, 0, 3, 1, 0], [0, 0, 0, 1, 3, 0], [0, 0, 0, 3, 1, 0], [3, 1, 1, 0, 0, 1], [1, 1, 1, 0, 0, 3], [1, 3, 1, 0, 0, 0], [1, 0, 1, 3, 0, 0], [1, 3, 1, 0, 0, 0], [3, 1, 1, 0, 0, 1], [1, 1, 1, 0, 1, 3], [1, 1, 1, 0, 3, 0], [1, 1, 1, 0, 1, 3], [1, 1, 3, 0, 1, 1], [1, 1, 0, 3, 1, 1], [1, 1, 0, 1, 3, 1], [1, 1, 0, 3, 1, 1], [1, 1, 0, 3, 0, 1], [1, 0, 0, 1, 3, 0], [0, 0, 1, 0, 1, 3], [0, 0, 3, 0, 1, 0], [3, 0, 0, 0, 1, 0], [0, 0, 3, 0, 1, 0], [0, 0, 1, 0, 1, 3], [1, 0, 0, 3, 1, 0], [1, 0, 0, 1, 3, 0], [1, 1, 1, 3, 0, 1], [1, 3, 1, 0, 0, 1], [0, 0, 1, 0, 3, 1], [3, 0, 1, 0, 0, 1], [0, 0, 1, 0, 3, 1], [1, 3, 1, 0, 0, 1], [1, 1, 1, 3, 0, 1], [0, 1, 0, 1, 1, 3], [0, 1, 0, 3, 1, 1], [0, 1, 0, 1, 1, 3]]
========================================
