========================================
      FINAL EXPERIMENTAL STATISTICS      
========================================
Algorithm: WOA   Problem: 6-bit #1
b: 2.0   num_neighbors(N): 10
Trials: 100   Iterations: 3000
----------------------------------------
Best Gate Counts per Trial: [232, 236, 236, 242, 228, 238, 232, 232, 234, 234, 236, 240, 236, 232, 242, 226, 232, 236, 234, 234, 234, 240, 230, 232, 236, 242, 240, 240, 236, 234, 238, 236, 240, 238, 234, 234, 232, 236, 236, 238, 238, 238, 240, 236, 234, 234, 240, 236, 240, 234, 242, 234, 236, 236, 236, 242, 238, 238, 244, 238, 234, 234, 240, 234, 234, 234, 234, 234, 232, 238, 232, 240, 240, 236, 238, 230, 234, 234, 230, 234, 240, 234, 240, 238, 230, 236, 236, 236, 228, 234, 238, 242, 238, 236, 230, 236, 234, 234, 230, 238]
Global Minimum Gate Count:  226
Worst Gate Count:           244
Final Result (Gen 3000): 235.76 ± 3.51
Average Time per Experiment: 45.34s
----------------------------------------
Best Circuit Structure:
[[0, 1, 0, 0, 3, 0], [3, 1, 0, 0, 0, 0], [0, 1, 0, 0, 3, 0], [1, 1, 0, 3, 1, 1], [1, 1, 0, 0, 1, 3], [1, 1, 0, 0, 3, 0], [1, 1, 0, 3, 1, 1], [1, 3, 0, 1, 1, 1], [1, 1, 0, 1, 1, 3], [1, 1, 0, 3, 1, 0], [1, 1, 0, 1, 1, 3], [1, 3, 0, 1, 1, 1], [1, 0, 3, 1, 1, 1], [1, 0, 1, 1, 3, 1], [1, 0, 3, 1, 1, 1], [3, 1, 1, 0, 0, 0], [0, 1, 1, 0, 0, 3], [3, 1, 1, 0, 0, 0], [1, 1, 1, 0, 3, 0], [1, 1, 1, 0, 1, 3], [1, 1, 1, 0, 3, 0], [1, 1, 3, 0, 1, 1], [1, 1, 0, 3, 0, 1], [1, 1, 0, 0, 3, 1], [1, 0, 1, 3, 0, 0], [1, 0, 1, 0, 0, 3], [1, 3, 0, 0, 0, 1], [1, 0, 3, 0, 0, 1], [1, 0, 1, 0, 0, 3], [1, 3, 0, 0, 0, 1], [1, 0, 1, 3, 0, 0], [1, 0, 0, 3, 0, 0], [0, 0, 1, 0, 1, 3], [3, 0, 1, 0, 1, 0], [1, 0, 3, 0, 1, 0], [1, 0, 0, 0, 3, 0], [3, 0, 1, 0, 1, 0], [0, 0, 1, 0, 1, 3], [1, 0, 0, 3, 0, 0], [1, 3, 1, 1, 0, 1], [1, 0, 1, 3, 0, 1], [3, 0, 1, 0, 1, 1], [1, 0, 1, 0, 3, 1], [3, 0, 1, 0, 1, 1], [1, 0, 1, 3, 0, 1], [1, 3, 1, 1, 0, 1], [0, 1, 0, 3, 1, 0], [0, 1, 0, 0, 1, 3], [0, 1, 0, 3, 1, 0], [0, 0, 0, 0, 1, 3], [3, 1, 1, 0, 1, 0], [0, 3, 1, 0, 1, 0], [0, 0, 3, 0, 1, 0], [0, 3, 1, 0, 1, 0], [0, 0, 0, 0, 1, 3], [3, 1, 1, 0, 1, 0], [0, 3, 0, 0, 1, 1], [1, 1, 1, 0, 3, 1], [3, 1, 0, 0, 1, 1], [1, 1, 3, 0, 1, 1], [1, 1, 1, 0, 3, 1], [3, 1, 0, 0, 1, 1], [0, 3, 0, 0, 1, 1], [0, 1, 1, 1, 3, 1], [3, 1, 1, 0, 0, 1], [0, 1, 1, 3, 0, 1], [3, 1, 1, 0, 0, 1], [0, 1, 1, 1, 3, 1], [0, 1, 3, 1, 1, 1], [0, 1, 0, 1, 3, 1], [3, 0, 0, 0, 0, 1], [0, 0, 0, 3, 0, 1], [0, 3, 0, 1, 0, 1], [0, 1, 0, 1, 3, 1], [3, 0, 0, 0, 0, 1], [0, 3, 0, 1, 0, 1], [0, 1, 1, 1, 3, 0], [0, 1, 3, 1, 0, 0], [0, 1, 0, 1, 0, 3], [0, 3, 0, 1, 0, 1], [0, 1, 3, 1, 0, 0], [0, 1, 1, 1, 3, 0], [3, 1, 1, 1, 1, 0], [1, 0, 3, 1, 1, 0], [1, 3, 1, 1, 1, 0], [3, 1, 1, 1, 1, 0], [1, 0, 1, 1, 1, 3], [1, 0, 3, 1, 1, 0], [0, 0, 0, 3, 1, 0], [3, 0, 0, 1, 1, 0], [1, 0, 3, 1, 1, 1], [1, 0, 0, 1, 1, 3], [1, 0, 3, 1, 1, 1], [3, 0, 0, 1, 1, 0], [0, 0, 0, 1, 3, 0], [0, 0, 0, 3, 1, 0], [0, 1, 1, 1, 0, 3], [1, 0, 1, 3, 1, 1], [3, 0, 1, 1, 1, 1], [0, 1, 1, 1, 3, 1], [0, 3, 1, 1, 1, 1], [0, 1, 1, 1, 3, 1], [0, 1, 1, 1, 0, 3], [3, 0, 1, 1, 1, 1], [1, 0, 1, 3, 1, 1], [0, 0, 1, 0, 3, 0], [0, 3, 1, 0, 0, 0], [0, 1, 1, 3, 0, 0], [0, 3, 1, 0, 0, 0], [0, 0, 1, 0, 3, 0], [1, 1, 1, 3, 1, 1], [3, 0, 1, 0, 1, 0], [1, 3, 1, 0, 1, 0], [1, 1, 1, 0, 1, 3], [1, 3, 1, 0, 1, 0], [3, 0, 1, 0, 1, 0], [1, 1, 1, 3, 1, 1], [0, 0, 3, 1, 1, 1], [3, 1, 1, 1, 1, 1], [0, 3, 1, 1, 1, 1], [3, 1, 1, 1, 1, 1], [0, 0, 3, 1, 1, 1], [3, 0, 0, 1, 1, 1], [1, 0, 1, 1, 1, 3], [1, 0, 3, 1, 1, 1], [1, 0, 1, 1, 1, 3], [3, 0, 0, 1, 1, 1], [1, 0, 1, 1, 3, 0], [1, 0, 1, 3, 0, 0], [1, 0, 1, 1, 3, 0], [1, 0, 1, 0, 0, 3], [1, 0, 3, 0, 0, 0], [3, 0, 1, 0, 0, 1], [0, 0, 3, 0, 0, 1], [0, 0, 0, 0, 0, 3], [0, 0, 3, 0, 0, 1], [3, 0, 1, 0, 0, 1], [3, 0, 0, 0, 0, 0], [1, 0, 1, 0, 3, 0], [1, 0, 3, 0, 0, 0], [1, 0, 1, 0, 3, 0], [3, 0, 0, 0, 0, 0], [1, 0, 1, 0, 3, 0], [3, 1, 0, 0, 0, 1], [1, 0, 1, 0, 0, 3], [1, 3, 1, 0, 0, 1], [1, 1, 3, 0, 0, 1], [1, 3, 1, 0, 0, 1], [1, 0, 1, 0, 0, 3], [1, 0, 1, 0, 3, 0], [1, 0, 0, 0, 3, 1], [1, 3, 0, 0, 0, 1], [3, 1, 0, 0, 0, 1], [1, 0, 0, 3, 0, 1], [1, 0, 0, 0, 3, 1], [3, 0, 0, 1, 0, 1], [0, 0, 3, 0, 0, 1], [0, 0, 0, 3, 0, 1], [3, 0, 0, 1, 0, 1], [0, 0, 0, 0, 3, 1], [0, 0, 0, 3, 1, 0], [0, 0, 0, 0, 1, 3], [0, 0, 0, 3, 1, 0], [0, 0, 0, 0, 3, 1], [1, 1, 1, 1, 3, 0], [3, 0, 0, 1, 1, 0], [1, 3, 0, 1, 1, 0], [1, 1, 3, 1, 1, 0], [1, 3, 0, 1, 1, 0], [3, 0, 0, 1, 1, 0], [1, 1, 1, 1, 3, 0], [0, 0, 1, 1, 0, 3], [0, 3, 1, 1, 0, 0], [3, 1, 1, 1, 0, 0], [0, 3, 1, 1, 0, 0], [0, 0, 1, 1, 3, 0], [0, 0, 1, 1, 0, 3], [0, 0, 1, 1, 3, 0], [0, 0, 1, 3, 0, 0], [0, 0, 1, 1, 3, 0], [0, 3, 1, 0, 0, 0], [1, 1, 3, 1, 1, 0], [0, 1, 1, 0, 3, 0], [1, 1, 1, 3, 1, 0], [3, 1, 1, 0, 1, 0], [1, 1, 1, 3, 1, 0], [1, 1, 3, 1, 1, 0], [0, 1, 1, 0, 3, 0], [0, 3, 1, 0, 0, 0], [0, 1, 1, 3, 0, 0], [0, 1, 3, 1, 0, 0], [3, 1, 0, 1, 0, 0], [1, 1, 0, 1, 3, 0], [3, 1, 0, 1, 0, 0], [0, 1, 1, 3, 0, 0], [0, 3, 1, 1, 1, 1], [0, 1, 1, 1, 3, 1], [0, 1, 3, 1, 0, 1], [0, 1, 0, 1, 0, 3], [0, 1, 1, 1, 3, 1], [0, 3, 1, 1, 1, 1], [1, 1, 1, 1, 3, 0], [3, 1, 1, 1, 0, 0], [0, 1, 3, 1, 0, 1], [0, 1, 1, 1, 0, 3], [3, 1, 1, 1, 0, 0], [1, 1, 1, 1, 3, 0], [0, 1, 3, 1, 0, 1], [1, 1, 1, 3, 1, 0], [3, 1, 1, 0, 1, 0], [0, 1, 1, 0, 1, 3], [3, 1, 1, 0, 1, 0], [1, 1, 1, 3, 1, 0], [0, 1, 1, 0, 3, 1], [0, 1, 1, 0, 0, 3], [0, 1, 3, 0, 0, 0], [0, 1, 1, 0, 0, 3], [0, 1, 1, 0, 3, 1], [0, 1, 3, 1, 0, 1], [0, 1, 0, 3, 0, 0], [0, 1, 0, 1, 0, 3], [0, 1, 0, 3, 0, 0], [1, 1, 0, 1, 0, 3], [3, 1, 0, 1, 0, 1], [0, 1, 3, 1, 0, 1], [1, 1, 0, 1, 0, 3]]
========================================
