========================================
      FINAL EXPERIMENTAL STATISTICS      
========================================
Algorithm: WOA   Problem: 6-bit #1
b: 1.2   num_neighbors(N): 10
Trials: 100   Iterations: 3000
----------------------------------------
Best Gate Counts per Trial: [228, 224, 216, 224, 232, 228, 226, 236, 232, 226, 224, 224, 228, 228, 226, 222, 226, 232, 230, 224, 222, 234, 232, 232, 226, 238, 220, 230, 232, 226, 234, 222, 228, 224, 230, 224, 230, 230, 234, 224, 230, 232, 222, 228, 234, 224, 236, 224, 224, 232, 222, 228, 230, 226, 228, 232, 226, 224, 222, 232, 232, 232, 234, 232, 232, 228, 224, 230, 220, 230, 228, 228, 226, 228, 226, 236, 222, 228, 220, 224, 224, 226, 228, 226, 226, 234, 232, 232, 230, 230, 234, 226, 234, 236, 232, 228, 230, 234, 228, 230]
Global Minimum Gate Count:  216
Worst Gate Count:           238
Final Result (Gen 3000): 228.24 ± 4.34
Average Time per Experiment: 45.18s
----------------------------------------
Best Circuit Structure:
[[1, 1, 1, 1, 3, 1], [1, 1, 1, 3, 1, 1], [3, 0, 1, 0, 1, 1], [1, 3, 1, 0, 1, 1], [3, 0, 1, 0, 1, 1], [1, 0, 3, 0, 1, 0], [1, 0, 1, 0, 1, 3], [1, 3, 1, 0, 1, 1], [1, 0, 1, 0, 1, 3], [1, 1, 1, 3, 1, 1], [1, 1, 1, 1, 3, 1], [1, 0, 3, 0, 1, 0], [1, 0, 0, 3, 1, 0], [1, 0, 0, 1, 3, 0], [1, 0, 0, 3, 1, 0], [0, 1, 0, 1, 1, 3], [0, 1, 0, 3, 1, 1], [0, 1, 0, 1, 1, 3], [1, 3, 1, 1, 0, 0], [3, 1, 1, 0, 0, 1], [1, 1, 1, 0, 0, 3], [1, 1, 1, 3, 0, 0], [1, 3, 1, 1, 0, 0], [3, 1, 1, 0, 0, 1], [1, 1, 1, 0, 0, 3], [1, 1, 1, 0, 3, 1], [1, 1, 1, 0, 0, 3], [1, 1, 3, 0, 1, 1], [1, 1, 0, 3, 1, 1], [1, 1, 0, 1, 3, 1], [1, 1, 0, 3, 1, 1], [1, 1, 0, 3, 0, 1], [0, 3, 0, 0, 1, 1], [3, 1, 1, 0, 1, 0], [0, 1, 0, 0, 1, 3], [0, 1, 3, 0, 1, 0], [0, 1, 0, 0, 1, 3], [3, 1, 1, 0, 1, 0], [0, 1, 0, 0, 3, 1], [3, 1, 0, 0, 0, 1], [1, 1, 3, 0, 0, 1], [3, 1, 0, 0, 0, 1], [0, 1, 0, 0, 3, 1], [0, 3, 0, 0, 1, 1], [1, 1, 1, 3, 0, 1], [3, 1, 1, 1, 1, 1], [1, 1, 1, 1, 3, 1], [1, 1, 1, 3, 0, 1], [3, 1, 1, 1, 1, 1], [0, 1, 3, 1, 1, 1], [0, 1, 0, 1, 3, 1], [3, 0, 0, 0, 0, 1], [0, 0, 0, 3, 0, 1], [0, 3, 0, 1, 0, 1], [0, 1, 0, 1, 3, 1], [3, 0, 0, 0, 0, 1], [0, 0, 0, 1, 3, 1], [0, 1, 3, 1, 1, 0], [0, 3, 0, 1, 1, 0], [0, 0, 0, 1, 1, 3], [0, 3, 0, 1, 1, 0], [0, 0, 0, 1, 3, 1], [3, 0, 0, 1, 1, 0], [0, 3, 0, 1, 1, 0], [3, 0, 0, 1, 1, 0], [0, 1, 3, 1, 1, 0], [1, 0, 3, 1, 1, 1], [1, 0, 0, 1, 1, 3], [1, 0, 0, 3, 1, 1], [0, 0, 0, 0, 1, 3], [3, 0, 0, 0, 1, 1], [1, 0, 0, 3, 1, 1], [0, 0, 0, 0, 1, 3], [1, 0, 3, 1, 1, 1], [0, 0, 0, 1, 3, 0], [0, 0, 0, 3, 1, 0], [0, 0, 0, 1, 3, 0], [1, 0, 1, 0, 3, 1], [1, 3, 1, 0, 0, 1], [3, 1, 1, 1, 0, 0], [1, 1, 1, 3, 0, 1], [1, 1, 1, 1, 0, 3], [3, 1, 1, 1, 0, 0], [1, 1, 1, 3, 0, 1], [1, 3, 1, 0, 0, 1], [1, 0, 1, 0, 3, 1], [0, 1, 1, 3, 0, 0], [0, 3, 1, 0, 1, 0], [0, 1, 1, 0, 3, 0], [0, 1, 1, 3, 0, 0], [3, 1, 1, 0, 1, 0], [1, 1, 1, 1, 1, 3], [1, 1, 1, 3, 1, 0], [3, 1, 1, 0, 1, 0], [1, 1, 1, 1, 1, 3], [0, 3, 1, 0, 1, 0], [0, 0, 3, 1, 1, 1], [0, 3, 1, 1, 1, 1], [3, 1, 1, 1, 1, 1], [0, 3, 1, 1, 1, 1], [3, 0, 1, 1, 1, 0], [0, 0, 1, 1, 1, 3], [3, 0, 1, 1, 1, 0], [0, 0, 3, 1, 1, 1], [1, 0, 1, 3, 1, 0], [1, 0, 1, 0, 3, 0], [1, 0, 1, 3, 1, 0], [1, 0, 3, 0, 0, 0], [1, 0, 1, 0, 0, 3], [1, 0, 3, 0, 0, 0], [3, 0, 1, 0, 0, 0], [0, 0, 3, 0, 0, 0], [3, 0, 1, 0, 0, 0], [1, 0, 1, 0, 0, 3], [1, 0, 1, 0, 3, 0], [3, 0, 1, 0, 0, 0], [0, 0, 3, 0, 0, 0], [0, 3, 1, 0, 0, 0], [0, 1, 3, 0, 0, 1], [0, 1, 1, 0, 0, 3], [0, 1, 3, 0, 0, 1], [0, 3, 1, 0, 0, 0], [3, 0, 1, 0, 0, 0], [1, 0, 1, 0, 3, 0], [0, 1, 0, 0, 3, 1], [1, 3, 0, 0, 1, 1], [3, 1, 0, 0, 1, 1], [0, 1, 0, 0, 3, 1], [1, 3, 0, 0, 1, 1], [1, 0, 0, 0, 3, 1], [1, 0, 0, 3, 0, 1], [1, 0, 0, 0, 3, 1], [0, 0, 3, 0, 0, 1], [0, 0, 0, 3, 0, 1], [3, 0, 0, 1, 0, 1], [0, 0, 0, 1, 3, 0], [0, 0, 0, 1, 0, 3], [0, 0, 0, 1, 3, 0], [0, 0, 0, 3, 0, 1], [3, 1, 1, 1, 0, 0], [0, 3, 0, 1, 1, 0], [0, 1, 3, 1, 1, 0], [0, 1, 1, 1, 3, 0], [0, 1, 3, 1, 1, 0], [0, 3, 0, 1, 1, 0], [0, 0, 1, 1, 0, 3], [0, 3, 1, 1, 0, 0], [3, 1, 1, 1, 0, 0], [0, 0, 1, 1, 0, 3], [0, 0, 1, 1, 1, 3], [0, 0, 1, 1, 3, 1], [0, 0, 1, 1, 1, 3], [0, 0, 1, 3, 0, 0], [0, 0, 1, 1, 3, 0], [0, 0, 1, 3, 0, 0], [0, 0, 3, 0, 0, 0], [1, 1, 0, 3, 1, 0], [3, 1, 0, 0, 1, 0], [0, 3, 0, 0, 0, 0], [0, 1, 0, 0, 3, 0], [0, 3, 0, 0, 0, 0], [3, 1, 0, 0, 1, 0], [0, 0, 3, 0, 0, 0], [0, 1, 1, 0, 3, 0], [3, 1, 0, 0, 1, 0], [0, 1, 3, 0, 1, 0], [3, 1, 0, 0, 1, 0], [1, 1, 0, 3, 1, 0], [0, 1, 1, 0, 3, 0], [0, 1, 0, 3, 0, 0], [0, 1, 3, 0, 0, 0], [0, 1, 0, 3, 0, 0], [0, 0, 3, 1, 1, 1], [0, 1, 0, 1, 3, 0], [0, 0, 0, 1, 1, 3], [0, 3, 0, 1, 1, 0], [0, 1, 0, 1, 3, 0], [0, 0, 0, 1, 1, 3], [0, 1, 0, 1, 3, 1], [0, 3, 0, 1, 1, 1], [0, 0, 3, 1, 1, 1], [0, 1, 0, 1, 3, 1], [0, 1, 3, 1, 0, 1], [1, 1, 1, 1, 1, 3], [3, 1, 1, 1, 1, 1], [0, 1, 1, 1, 3, 1], [0, 1, 3, 1, 0, 1], [0, 1, 1, 3, 1, 1], [3, 1, 1, 1, 1, 1], [1, 1, 1, 1, 1, 3], [0, 1, 3, 0, 0, 0], [0, 1, 1, 0, 0, 3], [0, 1, 1, 0, 3, 1], [0, 1, 1, 0, 0, 3], [0, 1, 1, 3, 0, 0], [0, 1, 1, 1, 0, 3], [0, 1, 1, 3, 0, 0], [0, 1, 3, 0, 0, 0], [1, 1, 0, 1, 0, 3], [1, 1, 3, 1, 0, 1], [3, 1, 1, 1, 0, 1], [1, 1, 3, 1, 0, 1], [1, 1, 0, 1, 0, 3], [1, 1, 0, 0, 3, 0], [3, 1, 0, 0, 1, 0], [1, 1, 0, 3, 1, 1], [1, 1, 0, 0, 1, 3], [1, 1, 0, 3, 1, 1], [1, 1, 0, 0, 3, 0], [1, 1, 0, 0, 1, 3], [1, 3, 0, 1, 1, 1], [1, 1, 0, 3, 1, 1], [1, 1, 0, 0, 1, 3], [1, 0, 3, 1, 1, 1], [1, 0, 1, 1, 3, 1], [1, 0, 3, 1, 1, 1]]
========================================
