========================================
      FINAL EXPERIMENTAL STATISTICS      
========================================
Algorithm: WOA   Problem: 6-bit #1
b: 4.0   num_neighbors(N): 10
Trials: 100   Iterations: 3000
----------------------------------------
Best Gate Counts per Trial: [244, 234, 244, 238, 246, 244, 240, 246, 238, 236, 242, 246, 248, 246, 228, 238, 242, 242, 246, 242, 246, 240, 248, 244, 246, 246, 238, 244, 242, 240, 246, 238, 244, 248, 242, 244, 242, 248, 240, 244, 242, 248, 244, 238, 246, 236, 240, 242, 246, 240, 246, 246, 244, 252, 240, 244, 236, 242, 246, 242, 244, 242, 238, 244, 242, 246, 242, 238, 240, 244, 248, 242, 244, 242, 246, 246, 244, 242, 246, 238, 238, 246, 236, 244, 246, 242, 236, 240, 244, 242, 240, 242, 240, 240, 244, 244, 248, 244, 240, 244]
Global Minimum Gate Count:  228
Worst Gate Count:           252
Final Result (Gen 3000): 242.58 ± 3.71
Average Time per Experiment: 44.46s
----------------------------------------
Best Circuit Structure:
[[3, 1, 1, 0, 1, 0], [0, 3, 1, 0, 1, 0], [0, 0, 0, 0, 1, 3], [0, 0, 3, 0, 1, 0], [0, 0, 0, 0, 1, 3], [0, 3, 1, 0, 1, 0], [3, 1, 1, 0, 1, 0], [3, 1, 1, 0, 0, 1], [0, 1, 1, 0, 3, 1], [0, 3, 0, 0, 1, 1], [0, 1, 3, 0, 1, 1], [0, 3, 0, 0, 1, 1], [0, 1, 1, 3, 1, 1], [0, 1, 1, 0, 3, 1], [3, 1, 1, 0, 0, 1], [0, 1, 3, 1, 1, 1], [0, 3, 0, 1, 1, 1], [1, 0, 0, 3, 0, 1], [3, 0, 0, 1, 0, 1], [0, 0, 0, 1, 3, 1], [0, 3, 0, 1, 1, 1], [1, 0, 0, 3, 0, 1], [0, 1, 1, 1, 1, 3], [0, 0, 0, 1, 3, 1], [0, 1, 3, 1, 1, 1], [0, 3, 0, 1, 1, 1], [0, 0, 0, 1, 3, 1], [0, 1, 3, 1, 1, 1], [0, 1, 1, 1, 1, 3], [3, 0, 0, 1, 1, 0], [0, 3, 1, 1, 1, 0], [0, 0, 3, 1, 1, 0], [0, 3, 1, 1, 1, 0], [3, 0, 0, 1, 1, 0], [1, 0, 3, 1, 1, 1], [1, 0, 0, 1, 1, 3], [0, 0, 0, 0, 1, 3], [1, 0, 0, 3, 1, 1], [3, 0, 0, 0, 1, 1], [0, 0, 0, 0, 1, 3], [1, 0, 0, 3, 1, 1], [1, 0, 3, 1, 1, 1], [0, 0, 0, 3, 0, 0], [0, 0, 0, 0, 3, 0], [0, 0, 0, 3, 0, 0], [0, 1, 1, 1, 3, 0], [0, 3, 1, 0, 1, 0], [0, 1, 1, 3, 1, 0], [0, 1, 1, 1, 3, 0], [3, 1, 1, 0, 1, 0], [1, 1, 1, 0, 1, 3], [1, 1, 1, 3, 1, 1], [1, 1, 1, 0, 1, 3], [3, 1, 1, 0, 1, 0], [0, 3, 1, 0, 1, 0], [3, 0, 0, 1, 1, 1], [1, 0, 3, 1, 1, 1], [1, 3, 1, 1, 1, 1], [1, 0, 3, 1, 1, 1], [1, 0, 1, 1, 1, 3], [1, 0, 3, 1, 1, 1], [3, 0, 0, 1, 1, 1], [1, 0, 1, 1, 1, 3], [1, 0, 1, 3, 1, 0], [1, 0, 1, 0, 3, 0], [1, 0, 1, 3, 1, 0], [1, 0, 1, 0, 0, 3], [1, 0, 3, 0, 0, 0], [0, 0, 3, 0, 0, 0], [3, 0, 1, 0, 0, 0], [1, 0, 1, 0, 0, 3], [3, 0, 1, 0, 0, 0], [0, 0, 1, 0, 3, 0], [3, 0, 1, 0, 1, 0], [0, 0, 1, 0, 3, 0], [0, 0, 3, 0, 0, 0], [0, 1, 3, 0, 0, 1], [3, 1, 1, 0, 0, 1], [1, 0, 1, 0, 3, 0], [1, 0, 1, 0, 0, 3], [1, 3, 1, 0, 0, 1], [3, 1, 1, 0, 0, 1], [1, 0, 1, 0, 0, 3], [0, 1, 3, 0, 0, 1], [1, 0, 1, 0, 3, 0], [3, 0, 0, 0, 1, 1], [0, 0, 0, 0, 3, 1], [0, 3, 0, 0, 0, 1], [0, 0, 0, 0, 3, 1], [3, 0, 0, 0, 1, 1], [1, 0, 0, 1, 3, 1], [1, 0, 0, 3, 1, 1], [1, 0, 0, 1, 3, 1], [0, 0, 3, 0, 0, 1], [3, 0, 0, 1, 0, 1], [0, 0, 0, 3, 0, 1], [3, 0, 0, 1, 0, 1], [0, 0, 0, 0, 3, 1], [0, 0, 0, 1, 1, 3], [0, 0, 0, 3, 1, 1], [0, 0, 0, 0, 3, 1], [0, 0, 0, 1, 1, 3], [1, 3, 1, 1, 0, 0], [1, 0, 1, 1, 3, 0], [1, 0, 3, 1, 1, 0], [3, 0, 0, 1, 1, 0], [1, 0, 3, 1, 1, 0], [1, 0, 1, 1, 3, 0], [1, 3, 1, 1, 0, 0], [1, 1, 1, 1, 0, 3], [3, 0, 1, 1, 0, 1], [1, 3, 1, 1, 0, 1], [3, 0, 1, 1, 0, 1], [1, 1, 1, 1, 0, 3], [0, 0, 1, 1, 3, 1], [0, 0, 1, 1, 1, 3], [0, 0, 1, 1, 3, 1], [0, 0, 1, 0, 3, 0], [0, 0, 1, 3, 1, 0], [1, 1, 0, 3, 1, 0], [3, 1, 0, 0, 1, 0], [0, 1, 3, 0, 1, 0], [0, 3, 1, 0, 1, 0], [0, 0, 1, 0, 3, 0], [0, 1, 3, 0, 1, 0], [3, 1, 0, 0, 1, 0], [1, 1, 0, 0, 3, 0], [0, 1, 3, 0, 0, 0], [3, 1, 0, 0, 0, 0], [1, 1, 0, 0, 3, 0], [1, 1, 0, 3, 1, 0], [0, 1, 3, 0, 0, 0], [0, 1, 0, 3, 0, 0], [0, 1, 3, 0, 0, 0], [0, 1, 0, 3, 0, 0], [0, 1, 0, 1, 3, 0], [0, 0, 1, 1, 1, 3], [0, 0, 3, 1, 1, 0], [0, 3, 0, 1, 1, 0], [0, 0, 3, 1, 1, 0], [0, 1, 0, 1, 3, 0], [0, 0, 1, 1, 1, 3], [0, 3, 1, 1, 1, 1], [0, 1, 0, 1, 3, 1], [0, 1, 3, 1, 1, 1], [0, 1, 0, 1, 3, 1], [0, 3, 1, 1, 1, 1], [1, 1, 1, 1, 1, 3], [3, 1, 1, 1, 1, 1], [0, 1, 3, 1, 1, 1], [0, 1, 0, 1, 3, 1], [0, 1, 3, 1, 1, 1], [0, 1, 1, 3, 1, 1], [3, 1, 1, 1, 1, 1], [1, 1, 1, 1, 1, 3], [0, 1, 0, 0, 3, 0], [0, 1, 1, 0, 1, 3], [0, 1, 3, 0, 1, 0], [0, 1, 0, 0, 3, 0], [0, 1, 1, 0, 1, 3], [0, 1, 3, 0, 0, 0], [0, 1, 1, 1, 0, 3], [0, 1, 1, 3, 0, 0], [0, 1, 3, 0, 0, 0], [3, 1, 1, 1, 0, 0], [1, 1, 3, 1, 0, 0], [3, 1, 1, 1, 0, 0], [0, 1, 1, 1, 0, 3], [1, 3, 0, 1, 0, 0], [1, 0, 1, 3, 1, 1], [1, 0, 3, 1, 0, 0], [1, 0, 1, 1, 1, 3], [1, 0, 1, 1, 3, 0], [1, 0, 1, 1, 1, 3], [1, 0, 3, 1, 0, 0], [1, 3, 0, 1, 0, 0], [1, 0, 1, 3, 1, 1], [0, 1, 0, 0, 1, 3], [0, 1, 0, 3, 1, 0], [0, 1, 0, 0, 1, 3], [1, 3, 1, 1, 0, 0], [3, 1, 1, 0, 0, 1], [1, 1, 1, 1, 0, 3], [1, 1, 1, 3, 0, 1], [3, 1, 1, 0, 0, 1], [1, 1, 1, 1, 0, 3], [1, 3, 1, 1, 0, 0], [3, 1, 1, 0, 0, 1], [1, 1, 1, 0, 0, 3], [3, 1, 1, 0, 0, 1], [1, 1, 1, 0, 1, 3], [1, 1, 1, 0, 3, 0], [1, 1, 1, 0, 1, 3], [1, 1, 3, 0, 1, 1], [1, 1, 0, 3, 0, 1], [1, 1, 0, 0, 3, 1], [0, 0, 1, 0, 3, 1], [1, 1, 1, 3, 0, 1], [1, 3, 1, 0, 0, 1], [3, 0, 1, 0, 0, 1], [1, 3, 1, 0, 0, 1], [0, 0, 1, 0, 3, 1], [1, 1, 1, 3, 0, 1], [1, 0, 0, 3, 1, 0], [1, 1, 3, 1, 0, 1], [1, 1, 0, 1, 3, 1], [1, 3, 0, 1, 1, 0], [1, 1, 0, 1, 1, 3], [1, 3, 0, 1, 1, 0], [1, 1, 0, 1, 3, 1], [1, 1, 3, 1, 0, 1], [1, 0, 0, 1, 3, 0], [1, 0, 0, 3, 1, 0], [1, 1, 0, 0, 3, 0], [3, 1, 0, 0, 1, 0], [1, 1, 0, 0, 3, 0], [1, 1, 0, 1, 3, 1], [1, 1, 0, 1, 0, 3], [1, 1, 0, 3, 0, 0], [1, 1, 0, 1, 0, 3], [1, 1, 0, 1, 3, 1], [1, 1, 0, 0, 1, 3], [1, 3, 0, 1, 1, 1], [1, 1, 0, 3, 1, 1], [1, 1, 0, 0, 1, 3], [1, 0, 1, 1, 3, 1], [1, 0, 3, 1, 1, 1], [1, 0, 1, 1, 3, 1]]
========================================
