========================================
      FINAL EXPERIMENTAL STATISTICS      
========================================
Algorithm: WOA   Problem: 6-bit #1
b: 2.5   num_neighbors(N): 10
Trials: 100   Iterations: 3000
----------------------------------------
Best Gate Counts per Trial: [232, 240, 236, 234, 234, 240, 242, 240, 230, 234, 234, 234, 242, 236, 234, 238, 238, 236, 238, 240, 240, 230, 244, 240, 234, 240, 238, 238, 238, 244, 234, 240, 236, 234, 240, 240, 238, 240, 238, 240, 240, 236, 242, 242, 236, 244, 244, 234, 236, 242, 236, 238, 240, 236, 242, 240, 236, 236, 236, 242, 236, 236, 246, 238, 234, 244, 234, 244, 238, 240, 238, 244, 240, 238, 244, 234, 236, 244, 240, 240, 234, 242, 240, 236, 232, 238, 242, 238, 242, 238, 236, 238, 236, 242, 238, 234, 232, 242, 236, 242]
Global Minimum Gate Count:  230
Worst Gate Count:           246
Final Result (Gen 3000): 238.22 ± 3.50
Average Time per Experiment: 45.53s
----------------------------------------
Best Circuit Structure:
[[0, 1, 0, 1, 1, 3], [0, 1, 0, 3, 1, 1], [0, 1, 0, 1, 1, 3], [3, 1, 0, 0, 1, 0], [1, 1, 0, 0, 3, 0], [3, 1, 0, 0, 1, 0], [1, 1, 0, 1, 1, 3], [1, 1, 0, 0, 3, 0], [1, 1, 0, 3, 1, 0], [1, 1, 0, 1, 1, 3], [1, 1, 0, 0, 3, 0], [1, 1, 0, 3, 1, 0], [1, 3, 0, 1, 1, 1], [1, 1, 0, 1, 1, 3], [1, 1, 0, 3, 1, 0], [1, 0, 3, 1, 1, 1], [1, 0, 1, 1, 3, 1], [1, 0, 3, 1, 1, 1], [3, 1, 0, 0, 0, 1], [1, 0, 0, 0, 3, 1], [1, 3, 0, 0, 0, 1], [3, 1, 0, 0, 0, 1], [1, 0, 0, 3, 0, 1], [1, 0, 0, 0, 3, 1], [3, 0, 0, 1, 0, 1], [0, 0, 3, 0, 0, 1], [0, 0, 0, 3, 0, 1], [3, 0, 0, 1, 0, 1], [0, 0, 0, 3, 0, 1], [0, 0, 0, 1, 3, 0], [0, 0, 0, 1, 0, 3], [0, 0, 0, 3, 0, 1], [0, 0, 3, 1, 0, 0], [3, 0, 1, 1, 0, 0], [1, 3, 1, 1, 0, 0], [3, 0, 1, 1, 0, 0], [0, 0, 3, 1, 0, 0], [0, 0, 0, 1, 3, 0], [0, 0, 1, 1, 0, 3], [3, 1, 1, 1, 0, 0], [0, 3, 1, 1, 0, 0], [3, 1, 1, 1, 0, 0], [0, 0, 1, 1, 3, 0], [0, 0, 1, 1, 0, 3], [0, 0, 1, 3, 0, 0], [0, 0, 1, 1, 3, 0], [0, 0, 1, 3, 0, 0], [1, 3, 0, 1, 1, 0], [3, 0, 1, 0, 0, 0], [1, 0, 3, 0, 0, 0], [1, 0, 0, 1, 3, 0], [1, 0, 0, 3, 0, 0], [1, 0, 0, 1, 3, 0], [1, 0, 3, 0, 0, 0], [1, 3, 0, 1, 1, 0], [3, 0, 1, 0, 0, 0], [0, 1, 1, 3, 0, 0], [0, 1, 3, 1, 0, 0], [3, 1, 0, 1, 1, 0], [0, 1, 0, 1, 3, 0], [3, 1, 0, 1, 1, 0], [0, 1, 1, 3, 0, 0], [0, 3, 0, 1, 0, 0], [0, 0, 0, 1, 3, 0], [0, 0, 3, 1, 1, 0], [0, 0, 1, 1, 1, 3], [0, 0, 3, 1, 1, 0], [0, 0, 0, 1, 3, 0], [0, 3, 0, 1, 0, 0], [0, 1, 0, 1, 3, 1], [0, 1, 3, 1, 1, 1], [0, 3, 1, 1, 1, 1], [0, 1, 3, 1, 1, 1], [0, 1, 0, 1, 3, 1], [1, 1, 1, 1, 1, 3], [3, 1, 0, 1, 0, 1], [1, 1, 0, 1, 3, 1], [1, 1, 3, 1, 1, 1], [1, 1, 0, 1, 3, 1], [1, 1, 1, 1, 1, 3], [3, 1, 0, 1, 0, 1], [3, 1, 1, 1, 1, 0], [0, 1, 1, 1, 1, 3], [0, 1, 1, 3, 1, 1], [0, 1, 1, 1, 1, 3], [3, 1, 1, 1, 1, 0], [0, 1, 0, 0, 3, 0], [0, 1, 1, 0, 1, 3], [0, 1, 3, 0, 1, 0], [0, 1, 1, 0, 1, 3], [0, 1, 0, 0, 3, 0], [0, 1, 0, 3, 0, 0], [0, 1, 3, 1, 0, 1], [0, 1, 0, 1, 0, 3], [0, 1, 0, 3, 0, 0], [3, 1, 0, 1, 0, 0], [0, 1, 0, 1, 0, 3], [0, 1, 3, 1, 0, 1], [3, 1, 0, 1, 0, 0], [1, 3, 0, 1, 0, 0], [1, 0, 0, 1, 3, 0], [1, 0, 1, 3, 1, 1], [1, 0, 3, 1, 1, 1], [1, 0, 0, 1, 1, 3], [1, 0, 3, 1, 1, 1], [1, 0, 0, 1, 3, 0], [1, 0, 1, 3, 1, 1], [1, 3, 0, 1, 0, 0], [1, 0, 1, 0, 3, 1], [1, 3, 1, 0, 0, 1], [0, 1, 1, 3, 0, 0], [0, 1, 1, 0, 0, 3], [3, 1, 1, 0, 0, 1], [1, 3, 1, 0, 0, 1], [1, 0, 1, 0, 3, 1], [0, 1, 1, 0, 0, 3], [0, 3, 1, 0, 1, 0], [0, 1, 1, 0, 3, 0], [0, 1, 1, 3, 0, 0], [0, 1, 1, 3, 1, 0], [3, 1, 1, 1, 1, 1], [0, 1, 1, 1, 1, 3], [0, 1, 1, 3, 1, 0], [0, 3, 1, 0, 1, 0], [0, 3, 1, 1, 1, 1], [0, 0, 3, 1, 1, 1], [0, 3, 1, 1, 1, 1], [3, 1, 1, 1, 1, 1], [1, 0, 1, 1, 1, 3], [3, 0, 0, 1, 1, 1], [1, 0, 3, 1, 1, 1], [1, 0, 1, 1, 1, 3], [3, 0, 0, 1, 1, 1], [1, 0, 1, 3, 1, 0], [1, 0, 1, 0, 3, 0], [1, 0, 1, 3, 1, 0], [1, 0, 1, 0, 0, 3], [1, 0, 3, 0, 0, 0], [0, 0, 3, 0, 0, 0], [3, 0, 1, 0, 0, 1], [0, 0, 1, 0, 0, 3], [0, 0, 3, 0, 0, 0], [3, 0, 1, 0, 0, 1], [0, 0, 3, 0, 0, 0], [1, 0, 1, 0, 3, 0], [3, 0, 1, 0, 0, 0], [1, 0, 1, 0, 3, 0], [0, 0, 3, 0, 0, 0], [1, 3, 1, 0, 1, 0], [0, 0, 3, 0, 1, 1], [1, 0, 1, 0, 1, 3], [3, 0, 1, 0, 1, 1], [0, 0, 3, 0, 1, 1], [1, 0, 1, 0, 1, 3], [1, 3, 1, 0, 1, 0], [0, 0, 3, 0, 1, 1], [1, 1, 1, 0, 3, 1], [1, 3, 1, 0, 1, 1], [3, 0, 1, 0, 1, 1], [0, 0, 3, 0, 1, 1], [1, 3, 1, 0, 1, 1], [1, 1, 1, 0, 3, 1], [3, 1, 1, 1, 1, 1], [1, 1, 1, 1, 3, 1], [1, 1, 1, 3, 0, 1], [1, 1, 1, 1, 3, 1], [3, 1, 1, 1, 1, 1], [0, 1, 3, 1, 1, 1], [3, 0, 0, 0, 0, 1], [0, 0, 0, 3, 0, 1], [0, 3, 0, 1, 1, 1], [0, 0, 0, 1, 3, 1], [0, 3, 0, 1, 1, 1], [3, 0, 0, 0, 0, 1], [0, 3, 1, 1, 1, 0], [0, 0, 3, 1, 0, 1], [0, 0, 1, 1, 0, 3], [0, 0, 1, 1, 3, 0], [0, 0, 1, 1, 0, 3], [0, 3, 1, 1, 1, 0], [0, 0, 3, 1, 0, 1], [3, 1, 1, 1, 1, 0], [1, 0, 3, 1, 1, 0], [1, 3, 1, 1, 1, 0], [3, 1, 1, 1, 1, 0], [1, 0, 1, 1, 1, 3], [1, 0, 3, 1, 1, 0], [3, 0, 1, 1, 1, 1], [0, 0, 0, 0, 1, 3], [0, 0, 3, 1, 1, 1], [0, 0, 0, 3, 1, 1], [0, 0, 3, 1, 1, 1], [0, 0, 0, 0, 1, 3], [3, 0, 1, 1, 1, 1], [0, 0, 0, 3, 1, 0], [0, 0, 0, 1, 3, 0], [0, 0, 0, 3, 1, 0], [3, 1, 1, 1, 0, 1], [0, 0, 1, 3, 1, 1], [0, 0, 1, 1, 3, 1], [0, 3, 1, 1, 0, 1], [0, 0, 1, 1, 3, 1], [0, 0, 1, 3, 1, 1], [3, 1, 1, 1, 0, 1], [1, 0, 0, 0, 1, 3], [1, 1, 3, 1, 0, 1], [1, 0, 0, 3, 1, 1], [1, 1, 0, 1, 3, 1], [1, 3, 0, 1, 1, 1], [1, 1, 0, 1, 3, 1], [1, 0, 0, 3, 1, 1], [1, 1, 3, 1, 0, 1], [1, 0, 0, 0, 1, 3], [1, 0, 0, 1, 3, 0], [1, 0, 0, 3, 1, 0], [1, 0, 0, 1, 3, 0], [1, 1, 1, 0, 0, 3], [3, 1, 1, 0, 0, 1], [1, 1, 1, 0, 3, 1], [1, 1, 1, 0, 0, 3], [1, 1, 3, 0, 1, 1], [1, 1, 0, 1, 3, 1], [1, 1, 0, 3, 1, 1], [1, 1, 0, 1, 3, 1], [1, 0, 1, 1, 0, 3], [1, 0, 3, 1, 0, 1], [1, 3, 0, 1, 0, 1], [1, 1, 0, 3, 0, 1], [1, 0, 3, 1, 0, 1], [1, 0, 1, 1, 0, 3]]
========================================
