========================================
      FINAL EXPERIMENTAL STATISTICS      
========================================
Algorithm: WOA   Problem: 6-bit #1
b: 1.5   num_neighbors(N): 10
Trials: 100   Iterations: 3000
----------------------------------------
Best Gate Counts per Trial: [232, 236, 232, 234, 238, 234, 230, 236, 238, 226, 234, 230, 230, 232, 226, 232, 238, 236, 230, 228, 238, 230, 240, 232, 234, 232, 232, 226, 230, 220, 228, 232, 234, 230, 238, 226, 232, 228, 232, 234, 230, 234, 224, 234, 232, 240, 238, 238, 234, 234, 228, 230, 232, 234, 228, 230, 236, 234, 234, 232, 234, 232, 238, 228, 234, 232, 230, 226, 236, 234, 234, 238, 234, 238, 232, 238, 226, 232, 234, 236, 232, 238, 240, 234, 236, 232, 230, 236, 230, 232, 228, 226, 238, 246, 234, 232, 232, 236, 228, 230]
Global Minimum Gate Count:  220
Worst Gate Count:           246
Final Result (Gen 3000): 232.72 ± 4.09
Average Time per Experiment: 45.49s
----------------------------------------
Best Circuit Structure:
[[0, 1, 0, 3, 1, 0], [0, 1, 0, 0, 1, 3], [0, 1, 0, 3, 1, 0], [0, 1, 1, 3, 0, 0], [0, 1, 1, 0, 3, 0], [0, 3, 1, 0, 1, 0], [0, 1, 1, 0, 3, 0], [0, 1, 1, 3, 0, 0], [1, 3, 1, 1, 1, 1], [0, 0, 1, 3, 1, 0], [3, 0, 1, 1, 1, 1], [0, 0, 1, 1, 1, 3], [3, 0, 1, 1, 1, 1], [1, 3, 1, 1, 1, 1], [0, 0, 1, 3, 1, 0], [3, 0, 0, 1, 1, 1], [1, 1, 3, 1, 1, 1], [1, 3, 0, 1, 1, 1], [1, 1, 3, 1, 1, 1], [1, 0, 3, 1, 1, 0], [1, 0, 0, 1, 1, 3], [3, 0, 0, 1, 1, 1], [1, 0, 3, 1, 1, 0], [1, 0, 1, 0, 3, 0], [1, 0, 1, 3, 1, 0], [1, 0, 1, 0, 3, 0], [1, 0, 1, 0, 0, 3], [1, 0, 3, 0, 0, 0], [0, 0, 0, 0, 0, 3], [3, 0, 1, 0, 0, 1], [0, 0, 3, 0, 0, 1], [0, 0, 0, 0, 0, 3], [3, 0, 1, 0, 0, 1], [1, 0, 3, 0, 1, 0], [3, 0, 0, 0, 1, 0], [0, 0, 0, 0, 3, 0], [3, 0, 0, 0, 1, 0], [1, 0, 3, 0, 1, 0], [0, 3, 0, 0, 0, 1], [0, 0, 3, 0, 0, 1], [1, 0, 1, 0, 3, 0], [1, 0, 1, 0, 0, 3], [3, 0, 1, 0, 0, 1], [1, 0, 1, 0, 0, 3], [1, 0, 1, 0, 3, 0], [0, 0, 3, 0, 0, 1], [0, 3, 0, 0, 0, 1], [3, 1, 0, 0, 0, 1], [1, 0, 0, 0, 3, 1], [1, 3, 0, 0, 0, 1], [1, 0, 0, 0, 3, 1], [3, 1, 0, 0, 0, 1], [1, 0, 0, 3, 0, 1], [1, 0, 0, 0, 3, 1], [0, 0, 3, 0, 0, 1], [3, 0, 0, 0, 0, 1], [1, 0, 0, 3, 0, 1], [0, 0, 0, 0, 0, 3], [0, 0, 0, 3, 1, 0], [0, 0, 0, 0, 3, 0], [0, 0, 0, 0, 0, 3], [0, 0, 0, 3, 1, 0], [3, 1, 1, 1, 0, 0], [0, 0, 3, 1, 1, 0], [0, 1, 1, 1, 3, 0], [0, 3, 1, 1, 1, 0], [0, 1, 1, 1, 3, 0], [0, 0, 3, 1, 1, 0], [0, 0, 1, 1, 0, 3], [0, 3, 1, 1, 0, 0], [0, 0, 1, 1, 0, 3], [3, 1, 1, 1, 0, 0], [0, 0, 1, 1, 3, 1], [0, 0, 1, 1, 1, 3], [0, 0, 1, 1, 3, 1], [0, 0, 1, 0, 3, 0], [0, 0, 1, 3, 1, 0], [0, 3, 1, 0, 1, 0], [3, 1, 0, 1, 1, 0], [0, 1, 0, 3, 1, 0], [0, 1, 3, 0, 1, 0], [0, 3, 1, 0, 1, 0], [0, 0, 1, 0, 3, 0], [0, 1, 3, 0, 0, 0], [0, 1, 0, 0, 3, 0], [0, 1, 0, 3, 1, 0], [3, 1, 0, 1, 1, 0], [0, 1, 0, 3, 0, 0], [0, 1, 3, 0, 0, 0], [0, 3, 1, 1, 1, 1], [0, 1, 0, 1, 0, 3], [0, 1, 1, 1, 3, 1], [0, 1, 3, 1, 0, 1], [0, 1, 1, 1, 3, 1], [0, 1, 0, 1, 0, 3], [0, 1, 0, 1, 3, 1], [0, 1, 3, 1, 1, 1], [0, 1, 0, 1, 3, 1], [0, 3, 1, 1, 1, 1], [3, 1, 0, 1, 0, 1], [1, 1, 1, 1, 3, 0], [1, 1, 0, 1, 0, 3], [1, 1, 3, 1, 0, 0], [1, 1, 1, 1, 3, 0], [1, 1, 0, 1, 0, 3], [3, 1, 0, 1, 0, 1], [1, 1, 1, 3, 1, 0], [0, 1, 1, 0, 1, 3], [3, 1, 1, 0, 1, 0], [0, 1, 1, 0, 1, 3], [1, 1, 1, 3, 1, 0], [0, 1, 1, 0, 3, 1], [0, 1, 3, 0, 0, 1], [0, 1, 0, 0, 0, 3], [0, 1, 3, 0, 0, 1], [0, 1, 1, 0, 3, 1], [0, 1, 3, 1, 0, 1], [0, 1, 0, 3, 0, 0], [0, 1, 0, 1, 0, 3], [0, 1, 0, 3, 0, 0], [0, 1, 3, 1, 0, 1], [1, 1, 0, 1, 0, 3], [1, 1, 3, 1, 0, 1], [3, 1, 1, 1, 0, 1], [1, 1, 3, 1, 0, 1], [1, 1, 0, 1, 0, 3], [1, 0, 1, 0, 3, 1], [1, 3, 1, 0, 0, 1], [1, 1, 0, 1, 0, 3], [1, 1, 1, 3, 0, 1], [1, 1, 3, 1, 0, 1], [1, 1, 1, 3, 0, 1], [1, 1, 0, 1, 0, 3], [1, 3, 1, 0, 0, 1], [1, 0, 1, 0, 3, 1], [1, 1, 0, 0, 3, 0], [3, 1, 0, 0, 1, 0], [1, 1, 0, 0, 1, 3], [1, 1, 0, 3, 1, 1], [1, 1, 0, 0, 1, 3], [1, 1, 0, 0, 3, 0], [1, 1, 0, 0, 1, 3], [1, 3, 0, 1, 1, 1], [1, 1, 0, 3, 1, 1], [1, 1, 0, 0, 1, 3], [1, 0, 3, 1, 1, 1], [1, 0, 1, 1, 3, 1], [1, 0, 3, 1, 1, 1], [1, 0, 0, 1, 3, 0], [3, 0, 1, 0, 1, 1], [1, 0, 0, 0, 1, 3], [1, 0, 3, 0, 1, 1], [1, 0, 0, 0, 1, 3], [1, 0, 0, 3, 1, 0], [1, 0, 0, 1, 3, 0], [1, 0, 1, 3, 1, 1], [1, 3, 1, 1, 0, 1], [1, 0, 1, 1, 3, 1], [1, 0, 1, 3, 1, 1], [1, 3, 1, 1, 0, 1], [3, 0, 1, 0, 1, 1], [3, 0, 0, 0, 1, 1], [1, 1, 1, 0, 1, 3], [1, 3, 0, 0, 1, 1], [1, 1, 3, 0, 1, 1], [1, 1, 1, 0, 1, 3], [1, 1, 1, 0, 3, 1], [1, 1, 3, 0, 1, 1], [1, 3, 0, 0, 1, 1], [3, 0, 0, 0, 1, 1], [1, 1, 1, 0, 3, 1], [0, 1, 1, 1, 3, 1], [3, 1, 1, 0, 0, 1], [0, 1, 1, 3, 0, 1], [3, 1, 1, 0, 0, 1], [0, 1, 1, 1, 3, 1], [0, 1, 3, 1, 1, 1], [3, 0, 0, 0, 0, 1], [0, 3, 0, 1, 1, 1], [0, 0, 0, 3, 1, 1], [0, 0, 0, 0, 3, 1], [3, 0, 0, 0, 0, 1], [0, 0, 0, 3, 1, 1], [0, 3, 0, 1, 1, 1], [0, 0, 0, 3, 0, 1], [3, 0, 0, 0, 0, 1], [0, 0, 0, 3, 0, 1], [0, 1, 1, 1, 3, 0], [0, 1, 3, 1, 0, 0], [0, 3, 0, 1, 0, 1], [0, 1, 0, 1, 0, 3], [0, 1, 3, 1, 0, 0], [0, 1, 1, 1, 3, 0], [0, 3, 0, 1, 0, 1], [1, 0, 3, 1, 1, 0], [3, 1, 1, 1, 1, 0], [1, 3, 1, 1, 1, 0], [3, 1, 1, 1, 1, 0], [1, 0, 3, 1, 1, 0], [1, 0, 1, 1, 1, 3], [0, 0, 0, 3, 1, 0], [3, 0, 0, 1, 1, 0], [1, 0, 3, 1, 1, 0], [1, 0, 1, 1, 1, 3], [0, 0, 0, 1, 3, 0], [0, 0, 0, 3, 1, 0], [1, 1, 1, 0, 0, 3], [3, 1, 1, 0, 0, 1], [1, 1, 1, 0, 3, 1], [1, 1, 1, 0, 0, 3], [1, 1, 3, 0, 1, 1], [1, 1, 0, 3, 0, 1], [1, 1, 0, 0, 3, 1], [1, 0, 1, 1, 0, 3], [1, 0, 1, 3, 0, 1], [1, 0, 3, 0, 0, 1], [1, 3, 0, 0, 0, 1], [1, 0, 3, 0, 0, 1], [1, 0, 1, 3, 0, 1], [1, 0, 1, 1, 0, 3]]
========================================
