========================================
      FINAL EXPERIMENTAL STATISTICS      
========================================
Algorithm: WOA   Problem: 6-bit #1
b: 3.0   num_neighbors(N): 10
Trials: 100   Iterations: 3000
----------------------------------------
Best Gate Counts per Trial: [238, 236, 236, 242, 242, 244, 242, 234, 238, 236, 236, 240, 240, 238, 240, 232, 244, 240, 238, 240, 240, 236, 238, 240, 240, 238, 240, 238, 238, 238, 240, 240, 238, 240, 234, 240, 234, 244, 242, 240, 234, 236, 236, 242, 240, 246, 242, 236, 232, 238, 238, 236, 238, 240, 244, 238, 240, 238, 238, 238, 236, 240, 240, 236, 244, 232, 240, 236, 240, 228, 238, 242, 238, 246, 238, 238, 242, 240, 236, 240, 242, 240, 240, 242, 248, 246, 244, 244, 234, 238, 244, 244, 240, 242, 240, 242, 250, 244, 242, 238]
Global Minimum Gate Count:  228
Worst Gate Count:           250
Final Result (Gen 3000): 239.38 ± 3.55
Average Time per Experiment: 45.53s
----------------------------------------
Best Circuit Structure:
[[1, 1, 0, 0, 3, 0], [3, 1, 0, 0, 1, 0], [1, 1, 0, 0, 3, 0], [1, 1, 0, 3, 0, 0], [1, 1, 0, 1, 1, 3], [1, 1, 0, 1, 3, 0], [1, 1, 0, 1, 1, 3], [1, 1, 0, 3, 0, 0], [1, 1, 0, 0, 1, 3], [1, 1, 0, 3, 1, 1], [1, 0, 0, 3, 1, 1], [1, 3, 0, 0, 1, 1], [1, 0, 0, 3, 1, 1], [1, 1, 0, 0, 1, 3], [1, 0, 1, 1, 3, 1], [1, 0, 3, 1, 1, 1], [1, 0, 1, 1, 3, 1], [1, 1, 1, 1, 3, 1], [3, 0, 1, 0, 1, 1], [1, 1, 1, 3, 1, 1], [1, 3, 1, 0, 1, 1], [3, 0, 1, 0, 1, 1], [1, 1, 1, 3, 1, 1], [1, 1, 1, 1, 3, 1], [1, 0, 0, 3, 1, 0], [1, 0, 0, 1, 3, 0], [1, 0, 3, 1, 0, 0], [1, 3, 1, 1, 0, 0], [1, 1, 1, 1, 0, 3], [1, 3, 1, 1, 0, 0], [1, 0, 3, 1, 0, 0], [1, 0, 0, 3, 1, 0], [0, 1, 1, 0, 0, 3], [3, 1, 1, 0, 0, 0], [1, 1, 1, 3, 0, 0], [1, 3, 1, 1, 0, 0], [1, 1, 1, 3, 0, 0], [0, 1, 1, 0, 0, 3], [1, 1, 1, 0, 1, 3], [1, 1, 1, 0, 3, 0], [1, 1, 1, 0, 1, 3], [1, 1, 3, 0, 1, 1], [1, 1, 0, 3, 0, 1], [1, 1, 0, 0, 3, 1], [1, 0, 0, 0, 3, 1], [1, 3, 0, 0, 0, 1], [3, 1, 0, 0, 0, 1], [1, 3, 0, 0, 0, 1], [1, 0, 0, 3, 0, 1], [1, 0, 0, 0, 3, 1], [0, 0, 3, 0, 0, 1], [0, 0, 0, 3, 0, 1], [3, 0, 0, 1, 0, 1], [0, 0, 0, 1, 3, 0], [0, 0, 0, 1, 0, 3], [0, 0, 0, 1, 3, 0], [0, 0, 0, 3, 0, 1], [1, 1, 1, 1, 3, 0], [1, 1, 3, 1, 1, 0], [3, 0, 0, 1, 1, 0], [1, 3, 0, 1, 1, 0], [1, 1, 3, 1, 1, 0], [3, 0, 0, 1, 1, 0], [1, 1, 1, 1, 3, 0], [0, 0, 1, 1, 0, 3], [3, 1, 1, 1, 0, 0], [0, 3, 1, 1, 0, 0], [3, 1, 1, 1, 0, 0], [0, 0, 1, 1, 0, 3], [0, 0, 1, 1, 3, 1], [0, 0, 1, 1, 1, 3], [0, 0, 1, 1, 3, 1], [0, 0, 1, 0, 3, 0], [0, 0, 1, 3, 1, 0], [1, 1, 3, 1, 1, 0], [0, 3, 1, 0, 1, 0], [0, 1, 1, 3, 1, 0], [3, 1, 1, 1, 1, 0], [0, 1, 1, 3, 1, 0], [1, 1, 3, 1, 1, 0], [0, 3, 1, 0, 1, 0], [0, 0, 1, 0, 3, 0], [0, 1, 1, 3, 0, 0], [0, 1, 3, 1, 0, 0], [1, 1, 0, 1, 3, 0], [3, 1, 0, 1, 0, 0], [1, 1, 0, 1, 3, 0], [0, 1, 1, 3, 0, 0], [0, 0, 1, 1, 3, 1], [0, 3, 1, 1, 0, 1], [0, 1, 3, 1, 0, 0], [0, 1, 1, 1, 0, 3], [0, 1, 3, 1, 0, 0], [0, 1, 3, 1, 0, 1], [0, 3, 1, 1, 0, 1], [0, 0, 1, 1, 3, 1], [3, 1, 1, 1, 1, 0], [0, 1, 3, 1, 1, 0], [0, 1, 0, 1, 1, 3], [0, 1, 0, 1, 3, 1], [0, 1, 0, 1, 1, 3], [0, 1, 3, 1, 1, 0], [0, 1, 1, 1, 1, 3], [0, 1, 1, 3, 1, 1], [0, 1, 1, 1, 1, 3], [3, 1, 1, 1, 1, 0], [0, 1, 1, 0, 1, 3], [0, 1, 0, 0, 3, 0], [0, 1, 3, 0, 1, 0], [0, 1, 0, 0, 3, 0], [0, 1, 1, 0, 1, 3], [0, 1, 3, 0, 0, 0], [0, 1, 1, 1, 0, 3], [0, 1, 1, 3, 0, 0], [0, 1, 3, 0, 0, 0], [0, 1, 1, 1, 0, 3], [1, 1, 0, 1, 0, 3], [1, 1, 3, 1, 0, 1], [3, 1, 1, 1, 0, 1], [1, 1, 3, 1, 0, 1], [1, 1, 0, 1, 0, 3], [1, 0, 3, 0, 1, 1], [1, 1, 0, 1, 3, 0], [1, 0, 0, 0, 1, 3], [1, 0, 0, 3, 1, 0], [1, 3, 0, 1, 1, 0], [1, 0, 0, 3, 1, 0], [1, 0, 0, 0, 1, 3], [1, 0, 3, 0, 1, 1], [1, 1, 0, 1, 3, 0], [3, 1, 1, 1, 0, 0], [1, 1, 1, 3, 0, 0], [1, 1, 1, 0, 3, 0], [1, 3, 1, 0, 1, 1], [1, 1, 1, 0, 1, 3], [1, 1, 1, 0, 3, 0], [1, 1, 1, 3, 0, 0], [1, 3, 1, 0, 1, 1], [3, 1, 1, 1, 0, 0], [0, 1, 1, 3, 0, 0], [0, 1, 1, 0, 3, 0], [0, 3, 1, 0, 1, 0], [0, 1, 1, 0, 3, 0], [0, 1, 1, 3, 0, 0], [1, 1, 1, 3, 1, 1], [3, 0, 1, 0, 1, 0], [1, 0, 1, 0, 1, 3], [1, 3, 1, 0, 1, 1], [1, 0, 1, 0, 1, 3], [1, 1, 1, 3, 1, 1], [3, 0, 1, 0, 1, 0], [1, 1, 3, 1, 1, 1], [3, 1, 0, 1, 1, 1], [0, 3, 0, 1, 1, 1], [3, 1, 0, 1, 1, 1], [1, 1, 3, 1, 1, 1], [1, 0, 1, 1, 1, 3], [3, 0, 0, 1, 1, 1], [1, 0, 3, 1, 1, 1], [1, 0, 1, 1, 1, 3], [3, 0, 0, 1, 1, 1], [1, 0, 1, 0, 3, 0], [1, 0, 1, 3, 1, 0], [1, 0, 1, 0, 3, 0], [1, 0, 1, 0, 0, 3], [1, 0, 3, 0, 0, 0], [0, 0, 3, 0, 0, 0], [3, 0, 1, 0, 0, 0], [1, 0, 1, 0, 0, 3], [1, 0, 1, 0, 3, 0], [3, 0, 1, 0, 0, 0], [0, 0, 3, 0, 0, 0], [1, 0, 3, 1, 1, 0], [3, 1, 1, 1, 1, 0], [1, 3, 1, 1, 1, 0], [1, 0, 3, 1, 1, 0], [3, 1, 1, 1, 1, 0], [1, 0, 1, 1, 1, 3], [1, 0, 3, 1, 1, 0], [1, 0, 1, 1, 1, 3], [0, 0, 0, 3, 1, 0], [3, 0, 0, 1, 1, 0], [1, 0, 3, 1, 1, 1], [1, 0, 0, 1, 1, 3], [1, 0, 3, 1, 1, 1], [3, 0, 0, 1, 1, 0], [0, 0, 0, 1, 3, 0], [0, 0, 0, 3, 1, 0], [1, 1, 1, 3, 1, 0], [3, 0, 0, 1, 0, 0], [1, 3, 1, 1, 1, 0], [1, 0, 3, 1, 0, 0], [1, 0, 1, 1, 3, 0], [1, 3, 1, 1, 1, 0], [1, 0, 3, 1, 0, 0], [1, 1, 1, 3, 1, 0], [3, 0, 0, 1, 0, 0], [1, 3, 1, 0, 1, 0], [0, 0, 0, 0, 1, 3], [0, 0, 3, 0, 1, 0], [3, 0, 1, 0, 1, 0], [0, 0, 3, 0, 1, 0], [1, 3, 1, 0, 1, 0], [0, 0, 0, 0, 1, 3], [0, 0, 0, 0, 3, 1], [0, 0, 3, 0, 0, 1], [1, 3, 1, 0, 0, 1], [3, 0, 1, 0, 0, 1], [0, 0, 3, 0, 0, 1], [0, 0, 0, 0, 3, 1], [1, 3, 1, 0, 0, 1], [0, 1, 1, 3, 1, 1], [0, 1, 1, 0, 3, 1], [3, 1, 1, 0, 0, 1], [0, 1, 1, 0, 3, 1], [0, 1, 1, 3, 1, 1], [0, 1, 3, 1, 1, 1], [0, 1, 0, 3, 1, 1], [3, 0, 0, 0, 0, 1], [0, 3, 0, 0, 0, 1], [0, 1, 0, 0, 3, 1], [0, 3, 0, 0, 0, 1], [0, 1, 0, 3, 1, 1], [0, 0, 0, 3, 0, 1], [3, 0, 0, 0, 0, 1], [0, 1, 0, 3, 1, 0], [0, 1, 0, 0, 1, 3], [0, 1, 0, 3, 1, 0]]
========================================
