========================================
      FINAL EXPERIMENTAL STATISTICS      
========================================
Algorithm: AE-QTS   Problem: 6-bit #1
delta_theta: 0.01   num_neighbors(N): 6
Trials: 100   Iterations: 3000
----------------------------------------
Best Gate Counts per Trial: [188, 190, 184, 184, 182, 184, 188, 190, 182, 184, 182, 188, 184, 186, 180, 188, 182, 184, 192, 188, 180, 186, 182, 178, 186, 186, 186, 182, 190, 184, 192, 188, 186, 186, 186, 190, 182, 182, 188, 188, 190, 188, 186, 190, 186, 186, 190, 190, 184, 184, 186, 174, 188, 182, 184, 190, 184, 190, 188, 188, 184, 194, 188, 184, 190, 188, 188, 188, 184, 192, 184, 188, 184, 190, 182, 182, 184, 188, 184, 180, 184, 184, 184, 188, 184, 186, 186, 180, 184, 190, 188, 186, 186, 182, 184, 186, 184, 188, 186, 184]
Global Minimum Gate Count:  174
Worst Gate Count:           194
Final Result (Gen 3000): 185.76 ± 3.33
Average Time per Experiment: 56.33s
----------------------------------------
Best Circuit Structure:
[[3, 1, 1, 0, 0, 1], [1, 3, 1, 1, 0, 0], [1, 1, 1, 0, 0, 3], [1, 1, 1, 3, 0, 0], [1, 3, 1, 1, 0, 0], [3, 1, 1, 0, 0, 1], [1, 1, 1, 0, 0, 3], [1, 1, 1, 0, 3, 1], [1, 1, 1, 0, 0, 3], [1, 1, 3, 0, 1, 1], [1, 1, 0, 3, 0, 1], [1, 1, 0, 0, 3, 1], [0, 0, 0, 1, 3, 0], [1, 1, 3, 0, 1, 0], [3, 1, 0, 0, 1, 0], [0, 3, 0, 0, 1, 0], [0, 0, 0, 3, 1, 0], [0, 0, 0, 1, 3, 0], [0, 3, 0, 0, 1, 1], [0, 1, 0, 0, 1, 3], [3, 1, 0, 0, 1, 0], [1, 1, 3, 0, 1, 0], [3, 1, 1, 0, 0, 1], [0, 1, 1, 0, 3, 1], [0, 1, 3, 0, 1, 1], [0, 3, 0, 0, 1, 1], [0, 1, 1, 3, 1, 1], [0, 1, 1, 0, 3, 1], [3, 1, 1, 0, 0, 1], [0, 1, 3, 1, 1, 1], [1, 0, 0, 3, 0, 1], [3, 0, 0, 1, 0, 1], [0, 3, 0, 1, 1, 1], [0, 0, 0, 1, 3, 1], [0, 3, 0, 1, 1, 1], [1, 0, 0, 3, 0, 1], [0, 3, 1, 1, 1, 0], [0, 0, 1, 1, 1, 3], [0, 0, 3, 1, 0, 1], [0, 0, 1, 1, 3, 1], [0, 0, 3, 1, 0, 1], [0, 0, 1, 1, 1, 3], [1, 0, 3, 1, 1, 0], [3, 0, 1, 1, 1, 0], [0, 3, 1, 1, 1, 0], [1, 0, 1, 1, 1, 3], [1, 0, 3, 1, 1, 0], [1, 0, 0, 1, 3, 0], [1, 0, 0, 0, 1, 3], [3, 0, 1, 0, 1, 1], [1, 0, 3, 0, 1, 1], [1, 0, 0, 0, 1, 3], [1, 0, 0, 3, 1, 0], [1, 0, 0, 1, 3, 0], [1, 1, 1, 1, 3, 1], [1, 3, 1, 0, 1, 1], [1, 1, 1, 3, 1, 1], [1, 3, 1, 0, 1, 1], [1, 1, 1, 1, 3, 1], [0, 1, 1, 3, 0, 0], [0, 0, 1, 0, 1, 3], [0, 3, 1, 0, 0, 0], [0, 0, 1, 0, 3, 0], [0, 3, 1, 0, 0, 0], [0, 0, 1, 0, 1, 3], [3, 0, 1, 0, 1, 1], [0, 3, 1, 0, 1, 0], [0, 1, 1, 0, 3, 0], [0, 1, 1, 3, 0, 0], [3, 1, 1, 1, 1, 1], [0, 1, 1, 1, 1, 3], [0, 1, 1, 3, 1, 0], [0, 3, 1, 0, 1, 0], [0, 1, 1, 1, 1, 3], [0, 0, 3, 1, 1, 1], [0, 3, 1, 1, 1, 1], [3, 1, 1, 1, 1, 1], [3, 0, 1, 1, 1, 0], [0, 0, 1, 1, 1, 3], [0, 0, 3, 1, 1, 1], [3, 0, 1, 1, 1, 0], [1, 0, 1, 1, 3, 0], [1, 0, 1, 3, 0, 0], [1, 0, 1, 1, 3, 0], [1, 0, 1, 0, 0, 3], [1, 0, 3, 0, 0, 0], [3, 0, 1, 0, 0, 1], [0, 0, 3, 0, 0, 1], [0, 0, 0, 0, 0, 3], [0, 0, 3, 0, 0, 1], [3, 0, 1, 0, 0, 1], [1, 0, 3, 0, 1, 0], [1, 0, 0, 0, 3, 0], [0, 3, 0, 0, 0, 1], [0, 0, 0, 0, 0, 3], [3, 0, 0, 0, 0, 0], [1, 0, 0, 0, 3, 0], [1, 0, 3, 0, 1, 0], [1, 0, 0, 0, 3, 1], [3, 0, 0, 0, 0, 1], [0, 3, 0, 0, 0, 1], [1, 0, 0, 3, 0, 1], [1, 0, 0, 0, 3, 1], [0, 0, 3, 0, 0, 1], [0, 0, 0, 3, 0, 1], [3, 0, 0, 1, 0, 1], [0, 0, 0, 1, 3, 0], [0, 0, 0, 1, 0, 3], [0, 0, 0, 3, 0, 1], [3, 1, 1, 1, 0, 0], [0, 1, 3, 1, 0, 0], [0, 3, 0, 1, 0, 0], [0, 0, 0, 1, 3, 0], [0, 1, 3, 1, 0, 0], [0, 0, 1, 1, 0, 3], [0, 3, 1, 1, 0, 0], [3, 1, 1, 1, 0, 0], [0, 0, 1, 1, 3, 0], [0, 0, 1, 1, 0, 3], [0, 0, 1, 3, 0, 0], [3, 1, 0, 1, 1, 0], [0, 1, 3, 1, 1, 0], [0, 3, 1, 1, 1, 0], [0, 0, 1, 1, 3, 0], [0, 1, 3, 1, 1, 0], [0, 0, 1, 3, 0, 0], [0, 1, 1, 3, 0, 0], [0, 1, 3, 1, 0, 0], [0, 1, 0, 1, 3, 0], [3, 1, 0, 1, 1, 0], [0, 1, 1, 3, 0, 0], [0, 3, 1, 1, 1, 1], [0, 1, 3, 1, 0, 0], [0, 1, 1, 1, 3, 0], [0, 1, 1, 1, 1, 3], [0, 1, 1, 1, 3, 0], [0, 1, 3, 1, 0, 0], [0, 1, 3, 1, 0, 1], [0, 1, 1, 1, 3, 1], [0, 3, 1, 1, 1, 1], [3, 1, 1, 1, 1, 0], [0, 1, 1, 1, 1, 3], [0, 1, 1, 1, 3, 1], [0, 1, 3, 1, 0, 1], [0, 1, 1, 3, 1, 1], [0, 1, 1, 1, 1, 3], [3, 1, 1, 1, 1, 0], [0, 1, 0, 0, 0, 3], [0, 1, 1, 0, 3, 1], [0, 1, 3, 0, 0, 1], [0, 1, 1, 0, 3, 1], [0, 1, 3, 1, 0, 1], [0, 1, 0, 3, 0, 1], [0, 1, 0, 0, 0, 3], [1, 1, 0, 1, 0, 3], [3, 1, 0, 1, 0, 1], [1, 1, 0, 1, 0, 3], [0, 1, 3, 1, 0, 1], [0, 1, 0, 0, 1, 3], [0, 1, 0, 3, 1, 0], [0, 1, 0, 0, 1, 3], [1, 1, 0, 0, 3, 0], [3, 1, 0, 0, 1, 0], [1, 1, 0, 1, 1, 3], [1, 1, 0, 3, 1, 0], [1, 1, 0, 0, 3, 0], [1, 1, 0, 1, 1, 3], [1, 1, 0, 3, 1, 0], [1, 3, 0, 1, 1, 1], [1, 1, 0, 1, 1, 3], [1, 1, 0, 3, 1, 0], [1, 0, 1, 1, 3, 1], [1, 0, 3, 1, 1, 1], [1, 0, 1, 1, 3, 1]]
========================================
