========================================
      FINAL EXPERIMENTAL STATISTICS      
========================================
Algorithm: AE-QTS   Problem: 6-bit #1
delta_theta: 0.02   num_neighbors(N): 10
Trials: 100   Iterations: 3000
----------------------------------------
Best Gate Counts per Trial: [196, 188, 178, 186, 190, 190, 190, 188, 184, 192, 190, 194, 182, 188, 194, 190, 198, 184, 196, 188, 190, 182, 192, 188, 186, 196, 188, 186, 184, 190, 182, 190, 194, 194, 190, 192, 192, 184, 184, 188, 194, 182, 188, 184, 182, 188, 184, 180, 196, 194, 188, 186, 188, 188, 194, 184, 192, 192, 182, 192, 186, 192, 184, 190, 194, 188, 190, 194, 186, 190, 186, 186, 182, 188, 188, 188, 196, 182, 190, 190, 182, 186, 192, 188, 194, 184, 192, 182, 184, 188, 188, 190, 198, 188, 194, 186, 186, 186, 188, 182]
Global Minimum Gate Count:  178
Worst Gate Count:           198
Final Result (Gen 3000): 188.44 ± 4.36
Average Time per Experiment: 92.47s
----------------------------------------
Best Circuit Structure:
[[1, 0, 0, 1, 3, 0], [1, 0, 0, 3, 1, 0], [0, 0, 1, 3, 1, 1], [1, 0, 0, 1, 1, 3], [3, 0, 1, 1, 1, 1], [1, 0, 3, 1, 1, 1], [1, 0, 0, 1, 1, 3], [1, 0, 0, 1, 3, 0], [1, 0, 1, 1, 3, 1], [1, 3, 1, 1, 0, 1], [1, 0, 1, 1, 3, 1], [3, 0, 1, 1, 1, 1], [0, 0, 1, 3, 1, 1], [0, 1, 0, 3, 1, 1], [0, 1, 0, 1, 1, 3], [0, 1, 0, 3, 1, 1], [0, 1, 1, 0, 0, 3], [3, 0, 1, 1, 0, 0], [0, 3, 1, 0, 0, 0], [0, 0, 1, 3, 0, 0], [0, 3, 1, 0, 0, 0], [3, 0, 1, 1, 0, 0], [0, 1, 1, 0, 0, 3], [1, 1, 1, 0, 0, 3], [3, 1, 1, 0, 0, 1], [1, 1, 1, 0, 3, 1], [1, 1, 1, 0, 0, 3], [1, 1, 3, 0, 1, 1], [1, 1, 0, 3, 0, 1], [1, 1, 0, 0, 3, 1], [1, 3, 1, 0, 1, 0], [1, 0, 1, 0, 1, 3], [0, 0, 3, 0, 1, 1], [3, 0, 1, 0, 1, 1], [1, 0, 1, 0, 1, 3], [1, 3, 1, 0, 1, 0], [3, 1, 1, 0, 0, 1], [0, 1, 1, 0, 3, 1], [0, 3, 1, 0, 1, 1], [0, 0, 3, 0, 1, 1], [0, 1, 1, 3, 1, 1], [0, 1, 1, 0, 3, 1], [3, 1, 1, 0, 0, 1], [0, 1, 3, 1, 1, 1], [3, 0, 0, 0, 0, 1], [0, 3, 0, 1, 1, 1], [0, 0, 0, 3, 0, 1], [0, 0, 0, 1, 3, 1], [0, 3, 0, 1, 1, 1], [3, 0, 0, 0, 0, 1], [0, 1, 3, 1, 1, 0], [0, 3, 0, 1, 1, 0], [0, 0, 0, 1, 1, 3], [0, 0, 0, 1, 3, 1], [0, 0, 0, 1, 1, 3], [3, 0, 0, 1, 1, 0], [0, 3, 0, 1, 1, 0], [0, 1, 3, 1, 1, 0], [1, 0, 1, 1, 1, 3], [0, 0, 0, 3, 1, 0], [3, 0, 0, 1, 1, 0], [1, 0, 3, 1, 1, 0], [1, 0, 1, 1, 1, 3], [0, 0, 0, 1, 3, 0], [0, 0, 0, 3, 1, 0], [0, 0, 1, 3, 1, 0], [0, 3, 1, 1, 1, 0], [0, 1, 1, 1, 3, 0], [3, 1, 1, 1, 1, 1], [0, 1, 1, 1, 1, 3], [0, 3, 1, 1, 1, 0], [0, 0, 1, 3, 1, 0], [0, 0, 3, 1, 1, 1], [0, 3, 1, 1, 1, 1], [3, 1, 1, 1, 1, 1], [0, 0, 1, 1, 1, 3], [3, 0, 1, 1, 1, 0], [0, 0, 1, 1, 1, 3], [0, 0, 3, 1, 1, 1], [1, 0, 1, 3, 1, 0], [1, 0, 1, 0, 3, 0], [1, 0, 1, 3, 1, 0], [1, 0, 1, 0, 0, 3], [1, 0, 3, 0, 0, 0], [3, 0, 1, 0, 0, 1], [0, 0, 3, 0, 0, 0], [0, 0, 1, 0, 0, 3], [3, 0, 1, 0, 0, 1], [3, 0, 1, 0, 1, 0], [0, 0, 1, 0, 3, 0], [0, 0, 3, 0, 0, 0], [0, 3, 0, 0, 0, 1], [0, 0, 3, 0, 1, 0], [0, 0, 0, 0, 3, 0], [0, 0, 0, 0, 0, 3], [0, 0, 0, 0, 3, 0], [0, 0, 3, 0, 1, 0], [3, 0, 1, 0, 1, 0], [1, 0, 0, 0, 3, 1], [3, 0, 0, 0, 0, 1], [0, 3, 0, 0, 0, 1], [1, 0, 0, 3, 0, 1], [1, 0, 0, 0, 3, 1], [0, 0, 3, 0, 0, 1], [0, 0, 0, 3, 0, 1], [3, 0, 0, 1, 0, 1], [0, 0, 0, 1, 3, 0], [0, 0, 0, 1, 0, 3], [0, 0, 0, 3, 0, 1], [3, 1, 1, 1, 0, 0], [0, 3, 0, 1, 0, 0], [0, 1, 3, 1, 0, 0], [0, 3, 0, 1, 0, 0], [0, 0, 0, 1, 3, 0], [0, 0, 1, 1, 0, 3], [0, 3, 1, 1, 0, 0], [3, 1, 1, 1, 0, 0], [0, 0, 1, 1, 3, 0], [0, 0, 1, 1, 0, 3], [0, 0, 1, 0, 3, 0], [1, 1, 3, 1, 1, 0], [3, 1, 1, 1, 1, 0], [0, 3, 1, 1, 1, 0], [0, 0, 1, 3, 1, 0], [0, 0, 1, 0, 3, 0], [0, 1, 1, 0, 3, 0], [0, 1, 1, 3, 1, 0], [3, 1, 1, 1, 1, 0], [1, 1, 3, 1, 1, 0], [0, 1, 1, 0, 3, 0], [0, 1, 3, 1, 0, 0], [0, 1, 1, 3, 0, 0], [0, 0, 1, 1, 3, 1], [0, 3, 1, 1, 0, 1], [0, 1, 1, 1, 0, 3], [0, 1, 3, 1, 0, 0], [0, 3, 1, 1, 0, 1], [0, 1, 3, 1, 0, 1], [0, 3, 1, 1, 0, 1], [0, 0, 1, 1, 3, 1], [0, 1, 1, 1, 0, 3], [3, 1, 1, 1, 1, 0], [0, 1, 1, 1, 3, 0], [0, 1, 1, 1, 0, 3], [0, 1, 3, 1, 0, 1], [0, 1, 1, 0, 1, 3], [0, 1, 1, 3, 1, 0], [3, 1, 1, 1, 1, 0], [0, 1, 3, 0, 0, 0], [0, 1, 1, 0, 3, 0], [0, 1, 1, 0, 1, 3], [0, 1, 1, 1, 0, 3], [0, 1, 1, 3, 0, 0], [0, 1, 3, 0, 0, 0], [1, 1, 3, 1, 0, 0], [3, 1, 1, 1, 0, 0], [0, 1, 1, 1, 0, 3], [1, 1, 1, 1, 0, 3], [1, 3, 1, 1, 0, 1], [1, 0, 1, 0, 3, 1], [1, 0, 1, 3, 0, 1], [1, 3, 1, 1, 0, 1], [1, 1, 1, 1, 0, 3], [1, 1, 3, 1, 0, 0], [1, 0, 1, 0, 3, 1], [1, 1, 0, 0, 3, 0], [3, 1, 0, 0, 1, 0], [1, 1, 0, 3, 1, 0], [1, 1, 0, 1, 1, 3], [1, 1, 0, 3, 1, 0], [1, 1, 0, 0, 3, 0], [1, 1, 0, 0, 1, 3], [1, 3, 0, 1, 1, 1], [1, 1, 0, 3, 1, 1], [1, 1, 0, 0, 1, 3], [1, 0, 3, 1, 1, 1], [1, 0, 1, 1, 3, 1], [1, 0, 3, 1, 1, 1]]
========================================
