========================================
      FINAL EXPERIMENTAL STATISTICS      
========================================
Algorithm: AE-QTS   Problem: 6-bit #1
delta_theta: 0.02   num_neighbors(N): 20
Trials: 100   Iterations: 3000
----------------------------------------
Best Gate Counts per Trial: [188, 182, 188, 182, 186, 190, 192, 184, 178, 186, 186, 186, 188, 176, 184, 184, 180, 190, 182, 184, 188, 184, 188, 178, 178, 190, 186, 190, 188, 182, 186, 188, 184, 180, 180, 182, 180, 184, 186, 178, 186, 186, 182, 192, 180, 180, 192, 192, 184, 188, 182, 182, 186, 184, 184, 186, 194, 180, 182, 182, 184, 182, 182, 182, 188, 184, 182, 188, 186, 184, 182, 184, 186, 184, 182, 186, 190, 182, 184, 182, 186, 180, 184, 190, 188, 184, 188, 184, 182, 184, 186, 190, 188, 186, 186, 188, 184, 188, 180, 184]
Global Minimum Gate Count:  176
Worst Gate Count:           194
Final Result (Gen 3000): 184.74 ± 3.60
Average Time per Experiment: 186.47s
----------------------------------------
Best Circuit Structure:
[[3, 1, 1, 0, 0, 1], [1, 1, 1, 0, 0, 3], [1, 3, 1, 1, 0, 0], [1, 1, 1, 3, 0, 0], [1, 3, 1, 1, 0, 0], [3, 1, 1, 0, 0, 1], [1, 1, 1, 0, 1, 3], [1, 1, 1, 0, 3, 0], [1, 1, 1, 0, 1, 3], [1, 1, 3, 0, 1, 1], [1, 1, 0, 3, 0, 1], [1, 1, 0, 0, 3, 1], [3, 0, 0, 0, 1, 1], [1, 3, 0, 0, 1, 1], [1, 1, 3, 0, 1, 0], [1, 1, 0, 0, 1, 3], [1, 1, 3, 0, 1, 0], [1, 1, 1, 0, 3, 1], [1, 1, 3, 0, 1, 1], [1, 3, 0, 0, 1, 1], [3, 0, 0, 0, 1, 1], [0, 1, 1, 3, 1, 1], [3, 1, 1, 0, 1, 1], [0, 1, 1, 3, 1, 1], [1, 1, 1, 0, 3, 1], [0, 1, 3, 1, 1, 1], [3, 0, 0, 0, 0, 1], [0, 0, 0, 3, 0, 1], [0, 1, 0, 1, 3, 1], [0, 3, 0, 1, 0, 1], [0, 1, 0, 1, 3, 1], [3, 0, 0, 0, 0, 1], [0, 0, 0, 1, 3, 1], [0, 0, 0, 1, 1, 3], [0, 1, 3, 1, 1, 0], [0, 3, 0, 1, 1, 0], [0, 0, 0, 1, 1, 3], [0, 0, 0, 1, 3, 1], [1, 3, 0, 1, 1, 0], [3, 1, 0, 1, 1, 0], [0, 1, 3, 1, 1, 0], [1, 3, 0, 1, 1, 0], [1, 0, 1, 1, 1, 3], [0, 0, 0, 3, 1, 0], [3, 0, 0, 1, 1, 0], [1, 0, 3, 1, 1, 0], [1, 0, 1, 1, 1, 3], [0, 0, 0, 1, 3, 0], [0, 0, 0, 3, 1, 0], [0, 1, 0, 0, 1, 3], [0, 1, 0, 3, 1, 0], [0, 1, 0, 0, 1, 3], [3, 1, 0, 0, 0, 1], [1, 0, 0, 0, 3, 1], [1, 3, 0, 0, 0, 1], [3, 1, 0, 0, 0, 1], [1, 0, 0, 3, 0, 1], [1, 0, 0, 0, 3, 1], [0, 0, 3, 0, 0, 1], [0, 0, 0, 3, 0, 1], [3, 0, 0, 1, 0, 1], [0, 0, 0, 1, 3, 0], [0, 0, 0, 1, 0, 3], [0, 0, 0, 3, 0, 1], [1, 3, 1, 1, 0, 0], [3, 0, 1, 1, 0, 0], [0, 0, 3, 1, 0, 0], [0, 0, 0, 1, 3, 0], [3, 0, 1, 1, 0, 0], [0, 0, 1, 1, 0, 3], [3, 0, 1, 1, 0, 0], [1, 3, 1, 1, 0, 0], [0, 0, 1, 1, 3, 0], [0, 0, 1, 1, 0, 3], [0, 0, 1, 0, 3, 0], [1, 1, 3, 1, 1, 0], [3, 0, 1, 1, 1, 0], [1, 3, 1, 1, 1, 0], [3, 0, 1, 1, 1, 0], [0, 0, 1, 3, 1, 0], [0, 0, 1, 0, 3, 0], [1, 1, 3, 1, 1, 0], [0, 1, 3, 0, 0, 0], [0, 1, 0, 3, 0, 0], [0, 1, 0, 1, 3, 0], [3, 1, 0, 1, 1, 0], [0, 1, 0, 1, 3, 0], [0, 1, 3, 0, 0, 0], [0, 0, 1, 1, 3, 1], [0, 1, 0, 1, 0, 3], [0, 0, 3, 1, 0, 1], [0, 3, 0, 1, 0, 1], [0, 0, 3, 1, 0, 1], [0, 1, 0, 1, 0, 3], [0, 1, 3, 1, 0, 1], [0, 3, 1, 1, 0, 1], [0, 0, 1, 1, 3, 1], [1, 1, 1, 1, 1, 3], [3, 1, 1, 1, 1, 1], [0, 1, 1, 1, 3, 1], [0, 1, 3, 1, 0, 1], [0, 1, 1, 3, 1, 1], [3, 1, 1, 1, 1, 1], [1, 1, 1, 1, 1, 3], [0, 1, 3, 0, 0, 0], [0, 1, 1, 0, 3, 0], [0, 1, 1, 0, 1, 3], [0, 1, 1, 0, 3, 0], [0, 1, 1, 1, 0, 3], [0, 1, 1, 3, 0, 0], [0, 1, 3, 0, 0, 0], [1, 1, 3, 1, 0, 0], [3, 1, 1, 1, 0, 0], [0, 1, 1, 1, 0, 3], [1, 0, 1, 0, 1, 3], [1, 3, 1, 0, 1, 0], [1, 1, 1, 3, 1, 0], [1, 1, 1, 1, 3, 0], [1, 1, 3, 1, 0, 0], [0, 1, 1, 1, 3, 0], [3, 1, 1, 1, 1, 0], [1, 1, 1, 3, 1, 0], [1, 3, 1, 0, 1, 0], [1, 0, 1, 0, 1, 3], [0, 0, 1, 3, 1, 0], [0, 3, 1, 1, 1, 0], [0, 1, 1, 1, 3, 0], [1, 3, 1, 1, 1, 1], [1, 0, 1, 1, 1, 3], [3, 0, 1, 1, 1, 0], [1, 0, 1, 1, 1, 3], [0, 0, 1, 3, 1, 0], [3, 0, 0, 1, 1, 1], [1, 0, 3, 1, 1, 1], [1, 3, 1, 1, 1, 1], [1, 0, 0, 1, 1, 3], [1, 0, 3, 1, 1, 0], [1, 0, 0, 1, 1, 3], [3, 0, 0, 1, 1, 1], [1, 0, 1, 0, 3, 0], [1, 0, 1, 3, 1, 0], [1, 0, 1, 0, 3, 0], [1, 0, 1, 0, 0, 3], [1, 0, 3, 0, 0, 0], [0, 0, 3, 0, 0, 0], [3, 0, 1, 0, 0, 0], [1, 0, 1, 0, 0, 3], [1, 0, 1, 0, 3, 0], [3, 0, 1, 0, 0, 0], [0, 0, 3, 0, 0, 0], [1, 1, 0, 0, 3, 0], [3, 1, 0, 0, 1, 0], [1, 1, 0, 1, 1, 3], [1, 1, 0, 3, 1, 0], [1, 1, 0, 1, 1, 3], [1, 1, 0, 0, 3, 0], [1, 1, 0, 3, 1, 0], [1, 3, 0, 1, 1, 1], [1, 1, 0, 1, 1, 3], [1, 1, 0, 3, 1, 0], [1, 0, 0, 1, 3, 1], [1, 0, 3, 1, 0, 1], [1, 0, 0, 1, 3, 1], [1, 0, 0, 3, 0, 0], [1, 0, 0, 0, 1, 3], [3, 0, 1, 0, 1, 1], [1, 0, 3, 0, 1, 1], [1, 0, 0, 0, 1, 3], [1, 0, 0, 0, 3, 0], [1, 0, 0, 3, 0, 0], [1, 1, 1, 3, 0, 1], [1, 0, 1, 0, 3, 1], [1, 3, 1, 0, 0, 1], [1, 0, 1, 0, 3, 1], [3, 0, 1, 0, 1, 1], [1, 1, 1, 3, 0, 1]]
========================================
