========================================
      FINAL EXPERIMENTAL STATISTICS      
========================================
Algorithm: AE-QTS   Problem: 6-bit #1
delta_theta: 0.01   num_neighbors(N): 20
Trials: 100   Iterations: 3000
----------------------------------------
Best Gate Counts per Trial: [180, 186, 184, 176, 182, 182, 188, 186, 186, 186, 180, 184, 182, 182, 182, 186, 186, 184, 184, 188, 184, 186, 182, 182, 180, 182, 182, 184, 186, 182, 184, 182, 182, 182, 184, 182, 184, 184, 182, 186, 188, 182, 184, 180, 186, 178, 182, 180, 184, 184, 182, 188, 188, 184, 186, 186, 186, 184, 182, 186, 186, 188, 180, 182, 182, 184, 184, 176, 186, 184, 178, 186, 186, 186, 186, 184, 176, 184, 178, 182, 184, 184, 184, 180, 186, 184, 182, 186, 184, 184, 184, 180, 182, 182, 182, 180, 184, 182, 182, 192]
Global Minimum Gate Count:  176
Worst Gate Count:           192
Final Result (Gen 3000): 183.42 ± 2.78
Average Time per Experiment: 189.00s
----------------------------------------
Best Circuit Structure:
[[1, 1, 1, 3, 0, 1], [3, 0, 1, 0, 1, 1], [1, 3, 1, 0, 0, 1], [1, 0, 1, 0, 3, 1], [3, 0, 1, 0, 1, 1], [1, 0, 0, 0, 3, 0], [1, 0, 3, 0, 0, 0], [1, 0, 1, 0, 0, 3], [1, 3, 1, 0, 0, 1], [1, 0, 3, 0, 0, 0], [1, 1, 1, 3, 0, 1], [1, 0, 0, 3, 0, 0], [1, 0, 0, 0, 3, 0], [1, 1, 0, 0, 3, 0], [3, 1, 0, 0, 1, 0], [1, 1, 0, 3, 1, 1], [1, 1, 0, 0, 1, 3], [1, 1, 0, 0, 3, 0], [1, 1, 0, 3, 1, 1], [1, 1, 0, 0, 1, 3], [1, 3, 0, 1, 1, 1], [1, 1, 0, 3, 1, 1], [1, 1, 0, 0, 1, 3], [1, 0, 0, 1, 3, 1], [1, 0, 3, 1, 0, 1], [1, 0, 0, 1, 3, 1], [0, 3, 0, 0, 1, 1], [0, 1, 3, 0, 1, 1], [1, 1, 1, 0, 1, 3], [3, 1, 1, 0, 1, 1], [1, 1, 1, 0, 1, 3], [3, 1, 1, 0, 0, 1], [0, 1, 1, 0, 3, 1], [0, 1, 3, 0, 1, 1], [0, 3, 0, 0, 1, 1], [0, 1, 1, 3, 0, 1], [0, 1, 1, 1, 3, 1], [0, 1, 1, 3, 0, 1], [3, 1, 1, 0, 0, 1], [0, 1, 3, 1, 1, 1], [0, 3, 0, 1, 1, 1], [1, 0, 0, 3, 0, 1], [3, 0, 0, 1, 0, 1], [0, 0, 0, 1, 3, 1], [0, 3, 0, 1, 1, 1], [1, 0, 0, 3, 0, 1], [0, 0, 3, 1, 0, 1], [0, 0, 1, 1, 3, 1], [0, 3, 1, 1, 1, 0], [0, 0, 1, 1, 1, 3], [0, 0, 1, 1, 3, 1], [0, 0, 3, 1, 0, 1], [1, 0, 3, 1, 1, 0], [3, 0, 1, 1, 1, 0], [0, 3, 1, 1, 1, 0], [1, 0, 3, 1, 1, 0], [1, 0, 1, 1, 1, 3], [0, 0, 0, 3, 1, 0], [3, 0, 0, 1, 1, 0], [1, 0, 3, 1, 1, 0], [1, 0, 1, 1, 1, 3], [0, 0, 0, 1, 3, 0], [0, 0, 0, 3, 1, 0], [0, 0, 1, 3, 1, 0], [0, 1, 1, 1, 3, 0], [0, 3, 1, 1, 1, 0], [0, 1, 1, 1, 3, 0], [1, 3, 1, 1, 1, 1], [0, 0, 1, 1, 1, 3], [3, 0, 1, 1, 1, 1], [0, 0, 1, 1, 1, 3], [0, 0, 1, 3, 1, 0], [3, 0, 0, 1, 1, 1], [1, 0, 3, 1, 1, 1], [1, 3, 1, 1, 1, 1], [1, 0, 1, 1, 1, 3], [1, 0, 3, 1, 1, 1], [3, 0, 0, 1, 1, 1], [1, 0, 1, 1, 1, 3], [1, 0, 1, 3, 1, 0], [1, 0, 1, 0, 3, 0], [1, 0, 1, 3, 1, 0], [1, 0, 1, 0, 0, 3], [1, 0, 3, 0, 0, 0], [3, 0, 0, 0, 0, 0], [1, 0, 0, 0, 0, 3], [1, 0, 3, 0, 0, 1], [1, 0, 0, 0, 0, 3], [1, 0, 3, 0, 1, 0], [1, 0, 0, 0, 3, 0], [3, 0, 0, 0, 0, 0], [3, 1, 0, 0, 0, 1], [1, 3, 0, 0, 0, 1], [1, 0, 0, 0, 3, 1], [1, 0, 0, 0, 1, 3], [1, 0, 3, 0, 1, 0], [1, 3, 0, 0, 0, 1], [3, 1, 0, 0, 0, 1], [1, 0, 0, 3, 0, 1], [1, 0, 0, 0, 3, 1], [0, 0, 3, 0, 0, 1], [3, 0, 0, 0, 0, 1], [1, 0, 0, 3, 0, 1], [0, 0, 0, 1, 3, 0], [0, 0, 0, 0, 0, 3], [0, 0, 0, 3, 0, 0], [0, 0, 0, 0, 0, 3], [0, 0, 3, 1, 0, 0], [3, 1, 1, 1, 0, 0], [0, 3, 1, 1, 0, 0], [0, 0, 3, 1, 0, 0], [0, 0, 0, 1, 3, 0], [0, 0, 1, 1, 0, 3], [0, 3, 1, 1, 0, 0], [3, 1, 1, 1, 0, 0], [0, 0, 1, 1, 3, 0], [0, 0, 1, 1, 0, 3], [0, 0, 1, 3, 0, 0], [0, 0, 3, 1, 1, 0], [3, 1, 0, 1, 1, 0], [0, 3, 0, 1, 1, 0], [0, 0, 3, 1, 1, 0], [0, 0, 1, 1, 3, 0], [0, 0, 1, 3, 0, 0], [0, 1, 3, 0, 0, 0], [0, 1, 0, 3, 0, 0], [0, 1, 0, 1, 3, 0], [3, 1, 0, 1, 1, 0], [0, 1, 3, 0, 0, 0], [0, 1, 3, 1, 0, 0], [0, 1, 1, 1, 3, 0], [0, 3, 1, 1, 1, 1], [0, 1, 1, 1, 1, 3], [0, 1, 1, 1, 3, 0], [0, 1, 3, 1, 0, 0], [0, 1, 3, 1, 0, 1], [0, 1, 1, 1, 3, 1], [0, 3, 1, 1, 1, 1], [1, 1, 1, 1, 1, 3], [3, 1, 1, 1, 1, 1], [0, 1, 1, 1, 3, 1], [0, 1, 3, 1, 0, 1], [0, 1, 1, 3, 1, 1], [3, 1, 1, 1, 1, 1], [1, 1, 1, 1, 1, 3], [0, 1, 0, 0, 0, 3], [0, 1, 3, 0, 0, 1], [0, 1, 1, 0, 3, 1], [0, 1, 1, 3, 0, 1], [0, 1, 3, 0, 0, 1], [0, 1, 0, 0, 0, 3], [1, 1, 0, 1, 0, 3], [1, 1, 3, 1, 0, 1], [3, 1, 1, 1, 0, 1], [1, 1, 1, 3, 0, 1], [1, 3, 1, 0, 0, 1], [1, 0, 1, 0, 3, 1], [1, 3, 1, 0, 0, 1], [1, 1, 1, 3, 0, 1], [1, 1, 3, 1, 0, 1], [1, 1, 0, 1, 0, 3], [3, 1, 1, 0, 0, 1], [1, 1, 1, 0, 0, 3], [1, 3, 1, 0, 0, 0], [1, 0, 1, 3, 0, 0], [1, 3, 1, 0, 0, 0], [3, 1, 1, 0, 0, 1], [1, 1, 1, 0, 1, 3], [1, 1, 1, 0, 3, 0], [1, 1, 1, 0, 1, 3], [1, 1, 3, 0, 1, 1], [1, 1, 0, 3, 0, 1], [1, 1, 0, 0, 3, 1], [0, 1, 0, 3, 1, 1], [0, 1, 0, 1, 1, 3], [0, 1, 0, 3, 1, 1]]
========================================
