========================================
      FINAL EXPERIMENTAL STATISTICS      
========================================
Algorithm: AE-QTS   Problem: 6-bit #1
delta_theta: 0.015   num_neighbors(N): 10
Trials: 100   Iterations: 3000
----------------------------------------
Best Gate Counts per Trial: [186, 186, 184, 188, 184, 188, 188, 182, 190, 192, 184, 184, 188, 188, 186, 182, 188, 186, 180, 188, 178, 190, 190, 184, 188, 190, 186, 184, 188, 186, 184, 184, 188, 186, 184, 182, 184, 182, 190, 192, 188, 188, 182, 190, 190, 180, 184, 184, 184, 190, 182, 184, 184, 178, 184, 188, 184, 184, 184, 188, 184, 188, 184, 180, 184, 190, 182, 186, 186, 182, 180, 184, 188, 186, 190, 186, 192, 184, 186, 186, 188, 180, 186, 192, 178, 190, 186, 188, 182, 182, 186, 190, 182, 186, 184, 188, 182, 182, 184, 186]
Global Minimum Gate Count:  178
Worst Gate Count:           192
Final Result (Gen 3000): 185.52 ± 3.28
Average Time per Experiment: 93.04s
----------------------------------------
Best Circuit Structure:
[[1, 0, 0, 1, 3, 0], [3, 0, 1, 0, 1, 1], [1, 0, 1, 0, 1, 3], [1, 0, 3, 0, 1, 0], [1, 0, 0, 3, 1, 0], [1, 0, 1, 0, 1, 3], [1, 0, 0, 1, 3, 0], [1, 1, 1, 3, 0, 1], [1, 3, 1, 0, 1, 1], [1, 1, 1, 0, 3, 1], [1, 3, 1, 0, 1, 1], [1, 1, 1, 3, 0, 1], [0, 3, 1, 1, 0, 0], [0, 0, 1, 3, 0, 0], [0, 0, 1, 0, 3, 0], [0, 0, 1, 0, 1, 3], [3, 0, 1, 0, 1, 1], [0, 0, 1, 3, 0, 0], [0, 3, 1, 1, 0, 0], [3, 0, 1, 0, 1, 0], [1, 3, 1, 0, 1, 0], [1, 1, 1, 1, 1, 3], [1, 1, 1, 3, 1, 0], [1, 1, 1, 1, 1, 3], [1, 3, 1, 0, 1, 0], [3, 0, 1, 0, 1, 0], [0, 0, 3, 1, 1, 1], [3, 0, 1, 1, 1, 1], [1, 3, 1, 1, 1, 1], [1, 0, 1, 1, 1, 3], [3, 0, 1, 1, 1, 1], [0, 0, 3, 1, 1, 1], [1, 0, 1, 3, 1, 0], [1, 0, 1, 0, 3, 0], [1, 0, 1, 3, 1, 0], [1, 0, 1, 0, 0, 3], [1, 0, 3, 0, 0, 0], [1, 0, 3, 0, 0, 1], [3, 0, 0, 0, 0, 0], [1, 0, 0, 0, 0, 3], [1, 0, 3, 0, 0, 1], [1, 0, 1, 0, 3, 0], [1, 0, 3, 0, 0, 0], [3, 0, 0, 0, 0, 0], [1, 3, 1, 0, 0, 0], [3, 1, 0, 0, 0, 1], [1, 1, 1, 0, 0, 3], [1, 1, 3, 0, 0, 1], [1, 1, 1, 0, 0, 3], [1, 3, 1, 0, 0, 0], [1, 0, 1, 0, 3, 0], [1, 0, 0, 0, 3, 1], [1, 3, 0, 0, 0, 1], [3, 1, 0, 0, 0, 1], [1, 0, 0, 3, 0, 1], [1, 0, 0, 0, 3, 1], [0, 0, 3, 0, 0, 1], [0, 0, 0, 3, 0, 1], [3, 0, 0, 1, 0, 1], [0, 0, 0, 1, 3, 0], [0, 0, 0, 1, 0, 3], [0, 0, 0, 3, 0, 1], [3, 0, 0, 1, 0, 0], [1, 3, 1, 1, 0, 0], [1, 0, 3, 1, 0, 0], [3, 0, 0, 1, 0, 0], [0, 0, 0, 1, 3, 0], [0, 0, 1, 1, 0, 3], [3, 0, 1, 1, 0, 0], [1, 3, 1, 1, 0, 0], [0, 0, 1, 1, 3, 0], [0, 0, 1, 1, 0, 3], [0, 0, 1, 0, 3, 0], [0, 3, 1, 1, 1, 0], [3, 1, 0, 1, 1, 0], [0, 1, 3, 1, 1, 0], [0, 3, 1, 1, 1, 0], [0, 0, 1, 3, 1, 0], [0, 0, 1, 0, 3, 0], [0, 1, 1, 3, 0, 0], [0, 1, 3, 1, 0, 0], [0, 1, 0, 1, 3, 0], [3, 1, 0, 1, 1, 0], [0, 1, 1, 3, 0, 0], [0, 0, 3, 1, 1, 1], [0, 3, 0, 1, 1, 1], [0, 1, 0, 1, 3, 1], [0, 1, 0, 1, 0, 3], [0, 3, 0, 1, 1, 1], [0, 0, 3, 1, 1, 1], [0, 1, 3, 1, 0, 1], [3, 1, 1, 1, 1, 0], [0, 1, 1, 1, 1, 3], [0, 1, 1, 1, 3, 1], [0, 1, 3, 1, 0, 1], [0, 1, 1, 1, 1, 3], [0, 1, 1, 0, 1, 3], [0, 1, 1, 3, 1, 0], [3, 1, 1, 1, 1, 0], [0, 1, 3, 0, 0, 0], [0, 1, 1, 0, 3, 0], [0, 1, 1, 0, 1, 3], [0, 1, 1, 1, 0, 3], [0, 1, 1, 3, 0, 0], [0, 1, 3, 0, 0, 0], [3, 1, 1, 1, 0, 0], [1, 1, 3, 1, 0, 0], [3, 1, 1, 1, 0, 0], [0, 1, 1, 1, 0, 3], [0, 0, 3, 0, 1, 1], [0, 3, 1, 0, 1, 1], [0, 1, 1, 0, 1, 3], [3, 1, 1, 0, 1, 0], [0, 1, 1, 0, 1, 3], [0, 3, 1, 0, 1, 1], [1, 1, 1, 0, 3, 1], [3, 1, 1, 0, 1, 1], [0, 3, 1, 0, 1, 1], [0, 0, 3, 0, 1, 1], [0, 1, 1, 3, 1, 1], [3, 1, 1, 0, 1, 1], [1, 1, 1, 0, 3, 1], [0, 1, 3, 1, 1, 1], [1, 0, 0, 3, 0, 1], [3, 0, 0, 1, 0, 1], [0, 1, 0, 1, 3, 1], [0, 3, 0, 1, 0, 1], [0, 1, 0, 1, 3, 1], [1, 0, 0, 3, 0, 1], [0, 3, 1, 1, 1, 0], [0, 0, 3, 1, 1, 0], [0, 0, 0, 1, 3, 1], [0, 0, 0, 1, 1, 3], [0, 0, 3, 1, 1, 0], [0, 0, 0, 1, 3, 1], [1, 0, 3, 1, 1, 0], [3, 0, 1, 1, 1, 0], [0, 3, 1, 1, 1, 0], [1, 0, 1, 1, 1, 3], [1, 0, 3, 1, 1, 0], [3, 0, 1, 1, 1, 1], [0, 0, 0, 3, 1, 0], [0, 0, 3, 1, 1, 0], [0, 0, 1, 1, 1, 3], [0, 0, 3, 1, 1, 0], [3, 0, 1, 1, 1, 1], [0, 0, 0, 1, 3, 0], [0, 0, 0, 3, 1, 0], [3, 0, 1, 1, 0, 0], [0, 0, 1, 3, 0, 0], [0, 1, 1, 0, 0, 3], [0, 3, 1, 0, 0, 0], [0, 0, 1, 3, 0, 0], [3, 0, 1, 1, 0, 0], [0, 1, 1, 0, 0, 3], [1, 1, 1, 0, 0, 3], [3, 1, 1, 0, 0, 1], [1, 1, 1, 0, 3, 1], [1, 1, 1, 0, 0, 3], [1, 1, 3, 0, 1, 1], [1, 1, 0, 3, 0, 1], [1, 1, 0, 0, 3, 1], [1, 1, 0, 0, 3, 0], [3, 1, 0, 0, 1, 0], [1, 1, 0, 1, 1, 3], [1, 1, 0, 3, 1, 0], [1, 1, 0, 1, 1, 3], [1, 1, 0, 0, 3, 0], [1, 1, 0, 0, 1, 3], [1, 3, 0, 1, 1, 1], [1, 1, 0, 3, 1, 1], [1, 1, 0, 0, 1, 3], [1, 0, 3, 1, 1, 1], [1, 0, 1, 1, 3, 1], [1, 0, 3, 1, 1, 1], [0, 1, 0, 3, 1, 1], [0, 1, 0, 1, 1, 3], [0, 1, 0, 3, 1, 1]]
========================================
