========================================
      FINAL EXPERIMENTAL STATISTICS      
========================================
Algorithm: AE-QTS   Problem: 6-bit #1
delta_theta: 0.02   num_neighbors(N): 6
Trials: 100   Iterations: 3000
----------------------------------------
Best Gate Counts per Trial: [190, 190, 192, 192, 196, 198, 194, 186, 192, 188, 192, 198, 190, 192, 190, 204, 198, 188, 190, 188, 192, 188, 190, 196, 194, 194, 182, 196, 200, 192, 192, 194, 190, 186, 194, 194, 200, 196, 196, 196, 190, 196, 188, 198, 200, 190, 188, 200, 192, 200, 190, 188, 196, 202, 192, 202, 188, 196, 188, 190, 192, 192, 194, 186, 194, 188, 182, 196, 198, 194, 184, 196, 194, 190, 192, 190, 182, 190, 188, 196, 198, 190, 188, 192, 194, 196, 198, 198, 192, 184, 190, 186, 186, 190, 196, 194, 198, 186, 184, 184]
Global Minimum Gate Count:  182
Worst Gate Count:           204
Final Result (Gen 3000): 192.26 ± 4.78
Average Time per Experiment: 54.01s
----------------------------------------
Best Circuit Structure:
[[0, 1, 0, 0, 1, 3], [0, 1, 0, 3, 1, 0], [0, 1, 0, 0, 1, 3], [0, 1, 1, 3, 0, 0], [0, 3, 1, 0, 1, 0], [0, 1, 1, 0, 3, 0], [0, 1, 1, 3, 0, 0], [0, 1, 1, 3, 1, 0], [1, 1, 1, 1, 1, 3], [3, 1, 1, 1, 1, 0], [0, 1, 1, 3, 1, 0], [1, 1, 1, 1, 1, 3], [0, 3, 1, 0, 1, 0], [0, 0, 3, 1, 1, 1], [3, 0, 1, 1, 1, 1], [1, 3, 1, 1, 1, 1], [1, 0, 1, 1, 1, 3], [3, 0, 1, 1, 1, 1], [0, 0, 3, 1, 1, 1], [1, 0, 1, 3, 0, 0], [1, 0, 1, 1, 3, 0], [1, 0, 1, 3, 0, 0], [1, 0, 1, 0, 0, 3], [1, 0, 3, 0, 0, 0], [1, 0, 1, 0, 0, 3], [3, 0, 0, 0, 0, 0], [1, 0, 3, 0, 0, 0], [1, 0, 1, 0, 0, 3], [1, 0, 3, 0, 1, 0], [1, 0, 0, 0, 3, 0], [3, 0, 0, 0, 0, 0], [0, 1, 0, 0, 3, 1], [0, 3, 0, 0, 1, 1], [3, 0, 0, 0, 1, 1], [1, 0, 0, 0, 1, 3], [1, 0, 3, 0, 1, 0], [0, 3, 0, 0, 1, 1], [0, 1, 0, 0, 3, 1], [1, 0, 0, 3, 1, 1], [1, 0, 0, 1, 3, 1], [1, 0, 0, 3, 1, 1], [0, 0, 3, 0, 0, 1], [0, 0, 0, 3, 0, 1], [3, 0, 0, 1, 0, 1], [0, 0, 0, 1, 3, 0], [0, 0, 0, 1, 0, 3], [0, 0, 0, 1, 3, 0], [0, 0, 0, 3, 0, 1], [0, 3, 0, 1, 1, 0], [3, 1, 1, 1, 0, 0], [0, 1, 3, 1, 0, 0], [0, 1, 0, 1, 3, 0], [0, 3, 0, 1, 1, 0], [0, 1, 3, 1, 0, 0], [0, 0, 1, 1, 0, 3], [0, 3, 1, 1, 0, 0], [3, 1, 1, 1, 0, 0], [0, 0, 1, 1, 3, 0], [0, 0, 1, 1, 0, 3], [0, 0, 1, 3, 0, 0], [3, 1, 0, 1, 1, 0], [0, 3, 0, 1, 1, 0], [0, 0, 3, 1, 1, 0], [0, 0, 1, 1, 3, 0], [0, 0, 1, 3, 0, 0], [0, 3, 0, 1, 1, 0], [0, 1, 3, 0, 0, 0], [0, 1, 0, 3, 0, 0], [0, 1, 0, 1, 3, 0], [3, 1, 0, 1, 1, 0], [0, 1, 3, 0, 0, 0], [0, 3, 1, 1, 1, 1], [0, 1, 1, 1, 3, 1], [0, 1, 0, 1, 0, 3], [0, 1, 3, 1, 0, 1], [0, 1, 0, 1, 0, 3], [0, 1, 1, 1, 3, 1], [0, 1, 3, 1, 0, 1], [0, 1, 1, 1, 3, 1], [0, 3, 1, 1, 1, 1], [0, 1, 1, 1, 0, 3], [3, 1, 1, 1, 1, 0], [0, 1, 1, 1, 3, 0], [0, 1, 1, 1, 0, 3], [0, 1, 3, 1, 0, 1], [0, 1, 1, 0, 1, 3], [0, 1, 1, 3, 1, 0], [3, 1, 1, 1, 1, 0], [0, 1, 3, 0, 0, 0], [0, 1, 1, 0, 3, 0], [0, 1, 1, 0, 1, 3], [0, 1, 1, 0, 0, 3], [0, 1, 1, 3, 0, 1], [0, 1, 1, 0, 0, 3], [0, 1, 3, 0, 0, 0], [1, 1, 0, 1, 0, 3], [1, 1, 3, 1, 0, 1], [3, 1, 1, 1, 0, 1], [1, 3, 1, 1, 0, 1], [1, 0, 1, 3, 1, 1], [1, 0, 1, 1, 3, 1], [1, 3, 1, 1, 0, 1], [1, 1, 3, 1, 0, 1], [1, 0, 1, 3, 1, 1], [1, 1, 0, 1, 0, 3], [0, 0, 3, 0, 1, 1], [1, 3, 1, 0, 1, 0], [3, 0, 1, 0, 1, 1], [1, 0, 1, 0, 1, 3], [1, 3, 1, 0, 1, 0], [1, 1, 1, 0, 3, 1], [1, 3, 1, 0, 1, 1], [3, 0, 1, 0, 1, 1], [0, 0, 3, 0, 1, 1], [0, 1, 1, 3, 1, 1], [3, 1, 1, 0, 1, 1], [0, 1, 1, 3, 1, 1], [1, 1, 1, 0, 3, 1], [0, 1, 3, 1, 1, 1], [0, 3, 0, 1, 1, 1], [1, 0, 0, 3, 0, 1], [3, 0, 0, 1, 0, 1], [0, 0, 0, 1, 3, 1], [0, 3, 0, 1, 1, 1], [1, 0, 0, 3, 0, 1], [0, 0, 0, 1, 0, 3], [0, 1, 1, 1, 3, 0], [0, 3, 0, 1, 0, 0], [0, 1, 3, 1, 0, 0], [0, 3, 0, 1, 0, 0], [0, 1, 1, 1, 3, 0], [0, 0, 0, 1, 0, 3], [1, 3, 0, 1, 1, 0], [3, 1, 1, 1, 1, 0], [1, 1, 3, 1, 1, 0], [3, 1, 1, 1, 1, 0], [1, 3, 0, 1, 1, 0], [1, 0, 3, 1, 1, 1], [0, 0, 0, 3, 1, 0], [3, 0, 0, 1, 1, 0], [1, 0, 0, 1, 1, 3], [1, 0, 3, 1, 1, 1], [0, 0, 0, 1, 3, 0], [0, 0, 0, 3, 1, 0], [1, 1, 1, 1, 3, 1], [1, 1, 1, 3, 1, 1], [1, 3, 1, 0, 1, 1], [3, 0, 1, 0, 1, 1], [1, 0, 0, 0, 1, 3], [1, 0, 3, 0, 1, 1], [1, 0, 0, 0, 1, 3], [1, 3, 1, 0, 1, 1], [1, 1, 1, 3, 1, 1], [1, 1, 1, 1, 3, 1], [1, 0, 0, 1, 3, 0], [1, 0, 0, 3, 1, 0], [1, 0, 0, 1, 3, 0], [1, 1, 0, 0, 3, 0], [3, 1, 0, 0, 1, 0], [1, 1, 0, 3, 1, 1], [1, 1, 0, 0, 1, 3], [1, 1, 0, 0, 3, 0], [1, 1, 0, 3, 1, 1], [1, 1, 0, 0, 1, 3], [1, 3, 0, 1, 1, 1], [1, 1, 0, 3, 1, 1], [1, 1, 0, 0, 1, 3], [1, 0, 3, 1, 1, 1], [1, 0, 1, 1, 3, 1], [1, 0, 3, 1, 1, 1], [1, 3, 1, 1, 0, 0], [3, 1, 1, 0, 0, 1], [1, 1, 1, 0, 0, 3], [1, 1, 1, 3, 0, 0], [1, 3, 1, 1, 0, 0], [3, 1, 1, 0, 0, 1], [1, 1, 1, 0, 0, 3], [1, 1, 1, 0, 3, 1], [1, 1, 1, 0, 0, 3], [1, 1, 3, 0, 1, 1], [1, 1, 0, 3, 0, 1], [1, 1, 0, 0, 3, 1]]
========================================
