========================================
      FINAL EXPERIMENTAL STATISTICS      
========================================
Algorithm: AE-QTS   Problem: 6-bit #1
delta_theta: 0.03   num_neighbors(N): 10
Trials: 100   Iterations: 3000
----------------------------------------
Best Gate Counts per Trial: [192, 190, 190, 192, 198, 194, 194, 186, 202, 198, 194, 192, 192, 198, 186, 190, 190, 196, 200, 194, 194, 194, 194, 192, 192, 194, 192, 192, 198, 190, 194, 192, 196, 196, 196, 196, 192, 202, 194, 198, 192, 192, 196, 192, 186, 192, 192, 192, 190, 186, 192, 202, 190, 192, 186, 198, 196, 194, 194, 190, 196, 192, 188, 192, 198, 196, 190, 198, 190, 196, 188, 190, 194, 198, 198, 188, 192, 192, 190, 206, 190, 192, 190, 190, 186, 196, 188, 202, 194, 190, 188, 190, 190, 198, 198, 196, 188, 192, 188, 200]
Global Minimum Gate Count:  186
Worst Gate Count:           206
Final Result (Gen 3000): 193.18 ± 4.08
Average Time per Experiment: 91.80s
----------------------------------------
Best Circuit Structure:
[[0, 0, 3, 1, 1, 1], [3, 0, 1, 1, 1, 1], [1, 3, 1, 1, 1, 1], [1, 0, 1, 1, 1, 3], [3, 0, 1, 1, 1, 1], [0, 0, 3, 1, 1, 1], [1, 0, 1, 3, 1, 0], [1, 0, 1, 0, 3, 0], [1, 0, 1, 3, 1, 0], [1, 0, 1, 0, 0, 3], [1, 0, 3, 0, 0, 0], [1, 0, 1, 0, 0, 3], [0, 0, 3, 0, 0, 0], [3, 0, 1, 0, 0, 0], [1, 0, 1, 0, 0, 3], [3, 0, 1, 0, 1, 0], [0, 0, 1, 0, 3, 0], [0, 0, 3, 0, 0, 0], [0, 3, 0, 0, 0, 1], [0, 0, 0, 0, 3, 1], [0, 0, 3, 0, 1, 0], [0, 0, 0, 0, 1, 3], [0, 0, 3, 0, 1, 0], [3, 0, 1, 0, 1, 0], [3, 0, 0, 0, 1, 1], [0, 0, 0, 0, 3, 1], [0, 3, 0, 0, 0, 1], [1, 0, 0, 3, 1, 1], [1, 0, 0, 1, 3, 1], [1, 0, 0, 3, 1, 1], [0, 0, 3, 0, 0, 1], [0, 0, 0, 3, 0, 1], [3, 0, 0, 1, 0, 1], [0, 0, 0, 1, 1, 3], [0, 0, 0, 1, 3, 1], [0, 0, 0, 1, 1, 3], [0, 0, 0, 3, 0, 1], [0, 0, 3, 1, 1, 0], [1, 3, 1, 1, 0, 0], [3, 0, 1, 1, 0, 0], [0, 0, 1, 1, 3, 0], [0, 0, 3, 1, 1, 0], [3, 0, 1, 1, 0, 0], [0, 0, 1, 1, 0, 3], [3, 0, 1, 1, 0, 0], [1, 3, 1, 1, 0, 0], [0, 0, 1, 1, 3, 0], [0, 0, 1, 1, 0, 3], [0, 0, 1, 3, 0, 0], [0, 0, 1, 1, 3, 0], [1, 1, 0, 1, 3, 0], [0, 3, 1, 1, 0, 0], [3, 1, 0, 1, 0, 0], [0, 1, 3, 1, 0, 0], [3, 1, 0, 1, 0, 0], [0, 3, 1, 1, 0, 0], [0, 0, 1, 3, 0, 0], [0, 1, 3, 0, 0, 0], [0, 1, 0, 3, 0, 0], [3, 1, 0, 1, 0, 0], [1, 1, 0, 1, 3, 0], [0, 1, 3, 0, 0, 0], [0, 0, 1, 1, 3, 1], [0, 0, 3, 1, 0, 1], [0, 3, 0, 1, 0, 0], [0, 0, 0, 1, 0, 3], [0, 3, 0, 1, 0, 0], [0, 0, 3, 1, 0, 1], [0, 1, 3, 1, 0, 1], [0, 3, 1, 1, 0, 1], [0, 0, 1, 1, 3, 1], [0, 1, 1, 1, 3, 1], [3, 1, 1, 1, 1, 0], [0, 1, 1, 1, 1, 3], [0, 1, 1, 1, 3, 1], [0, 1, 3, 1, 0, 1], [0, 1, 1, 0, 1, 3], [0, 1, 1, 3, 1, 0], [3, 1, 1, 1, 1, 0], [0, 1, 3, 0, 0, 0], [0, 1, 1, 0, 3, 0], [0, 1, 1, 0, 1, 3], [0, 1, 1, 1, 0, 3], [0, 1, 1, 3, 0, 0], [0, 1, 3, 0, 0, 0], [1, 1, 3, 1, 0, 0], [3, 1, 1, 1, 0, 0], [0, 1, 1, 1, 0, 3], [1, 0, 1, 3, 1, 1], [1, 3, 1, 1, 1, 1], [1, 1, 1, 1, 3, 1], [1, 1, 1, 1, 0, 3], [1, 1, 1, 1, 3, 1], [1, 1, 3, 1, 0, 0], [1, 3, 1, 1, 1, 1], [1, 0, 1, 1, 3, 1], [0, 3, 1, 1, 0, 0], [3, 0, 1, 1, 0, 0], [1, 0, 1, 1, 0, 3], [1, 0, 1, 1, 3, 1], [3, 0, 1, 1, 0, 0], [1, 0, 1, 3, 1, 1], [0, 0, 1, 0, 3, 0], [0, 0, 1, 3, 0, 0], [0, 3, 1, 1, 0, 0], [0, 0, 1, 0, 3, 0], [1, 3, 1, 1, 0, 0], [3, 1, 1, 0, 0, 1], [1, 1, 1, 0, 0, 3], [1, 1, 1, 3, 0, 0], [1, 3, 1, 1, 0, 0], [3, 1, 1, 0, 0, 1], [1, 1, 1, 0, 0, 3], [1, 1, 1, 0, 3, 1], [1, 1, 1, 0, 0, 3], [1, 1, 3, 0, 1, 1], [1, 1, 0, 3, 0, 1], [1, 1, 0, 0, 3, 1], [3, 0, 0, 0, 1, 1], [1, 1, 1, 0, 1, 3], [1, 0, 3, 0, 1, 1], [1, 3, 1, 0, 1, 1], [1, 1, 1, 0, 1, 3], [1, 1, 1, 0, 3, 1], [1, 3, 1, 0, 1, 1], [1, 0, 3, 0, 1, 1], [3, 0, 0, 0, 1, 1], [0, 1, 1, 3, 1, 1], [3, 1, 1, 0, 1, 1], [1, 1, 1, 0, 3, 1], [0, 1, 1, 3, 1, 1], [0, 1, 3, 1, 1, 1], [0, 3, 0, 1, 1, 1], [1, 0, 0, 3, 0, 1], [3, 0, 0, 1, 0, 1], [0, 0, 0, 1, 3, 1], [0, 3, 0, 1, 1, 1], [1, 0, 0, 3, 0, 1], [0, 3, 0, 1, 0, 1], [0, 1, 1, 1, 3, 0], [0, 1, 3, 1, 0, 1], [0, 1, 1, 1, 0, 3], [0, 1, 1, 1, 3, 0], [0, 1, 3, 1, 0, 1], [0, 3, 0, 1, 0, 1], [1, 0, 3, 1, 1, 0], [0, 3, 1, 1, 1, 0], [3, 0, 1, 1, 1, 0], [0, 3, 1, 1, 1, 0], [1, 0, 3, 1, 1, 0], [1, 0, 1, 1, 1, 3], [0, 0, 0, 3, 1, 0], [3, 0, 0, 1, 1, 0], [1, 0, 3, 1, 1, 0], [1, 0, 1, 1, 1, 3], [0, 0, 0, 1, 3, 0], [0, 0, 0, 3, 1, 0], [0, 1, 0, 3, 1, 0], [0, 1, 0, 0, 1, 3], [0, 1, 0, 3, 1, 0], [1, 0, 0, 1, 3, 0], [1, 0, 0, 0, 1, 3], [3, 0, 1, 0, 1, 1], [1, 0, 3, 0, 1, 1], [1, 0, 0, 0, 1, 3], [1, 0, 0, 3, 1, 0], [1, 0, 0, 1, 3, 0], [1, 1, 1, 3, 0, 1], [1, 3, 1, 0, 1, 1], [1, 1, 1, 0, 3, 1], [1, 3, 1, 0, 1, 1], [3, 0, 1, 0, 1, 1], [1, 1, 1, 3, 0, 1], [1, 1, 0, 0, 3, 0], [3, 1, 0, 0, 1, 0], [1, 1, 0, 1, 1, 3], [1, 1, 0, 3, 1, 0], [1, 1, 0, 1, 1, 3], [1, 1, 0, 0, 3, 0], [1, 1, 0, 0, 1, 3], [1, 3, 0, 1, 1, 1], [1, 1, 0, 3, 1, 1], [1, 1, 0, 0, 1, 3], [1, 0, 1, 1, 3, 1], [1, 0, 3, 1, 1, 1], [1, 0, 1, 1, 3, 1]]
========================================
