========================================
      FINAL EXPERIMENTAL STATISTICS      
========================================
Algorithm: AE-QTS   Problem: 6-bit #1
delta_theta: 0.015   num_neighbors(N): 20
Trials: 100   Iterations: 3000
----------------------------------------
Best Gate Counts per Trial: [180, 182, 178, 180, 186, 182, 182, 180, 184, 182, 182, 182, 182, 178, 184, 184, 180, 180, 182, 188, 180, 192, 188, 182, 182, 192, 188, 186, 186, 184, 188, 182, 182, 192, 184, 184, 180, 184, 180, 188, 184, 182, 184, 186, 180, 186, 182, 184, 194, 186, 184, 184, 192, 186, 188, 182, 178, 186, 182, 184, 180, 186, 178, 182, 178, 186, 190, 178, 184, 186, 180, 184, 188, 180, 182, 188, 182, 188, 182, 188, 188, 186, 178, 180, 182, 184, 192, 186, 188, 184, 186, 184, 182, 180, 180, 190, 188, 180, 188, 180]
Global Minimum Gate Count:  178
Worst Gate Count:           194
Final Result (Gen 3000): 183.92 ± 3.72
Average Time per Experiment: 188.01s
----------------------------------------
Best Circuit Structure:
[[0, 0, 0, 1, 3, 0], [3, 1, 1, 0, 1, 0], [0, 1, 3, 0, 1, 0], [0, 3, 0, 0, 1, 0], [0, 0, 0, 3, 1, 0], [0, 0, 0, 1, 3, 0], [0, 3, 0, 0, 1, 1], [0, 1, 0, 0, 1, 3], [0, 1, 3, 0, 1, 0], [3, 1, 1, 0, 1, 0], [1, 1, 1, 0, 3, 1], [3, 1, 1, 0, 1, 1], [0, 1, 3, 0, 1, 1], [0, 3, 0, 0, 1, 1], [0, 1, 1, 3, 1, 1], [3, 1, 1, 0, 1, 1], [1, 1, 1, 0, 3, 1], [0, 1, 3, 1, 1, 1], [3, 0, 0, 0, 0, 1], [0, 1, 0, 1, 3, 1], [0, 0, 0, 3, 0, 1], [0, 3, 0, 1, 0, 1], [0, 1, 0, 1, 3, 1], [3, 0, 0, 0, 0, 1], [0, 3, 1, 1, 1, 0], [0, 0, 3, 1, 0, 1], [0, 0, 1, 1, 3, 0], [0, 0, 1, 1, 0, 3], [0, 0, 1, 1, 3, 0], [0, 0, 3, 1, 0, 1], [1, 0, 3, 1, 1, 0], [3, 0, 1, 1, 1, 0], [0, 3, 1, 1, 1, 0], [1, 0, 1, 1, 1, 3], [1, 0, 3, 1, 1, 0], [1, 1, 0, 0, 3, 0], [3, 1, 0, 0, 1, 0], [1, 1, 0, 3, 1, 1], [1, 1, 0, 0, 1, 3], [1, 1, 0, 0, 3, 0], [1, 1, 0, 3, 1, 1], [1, 1, 0, 0, 1, 3], [1, 3, 0, 1, 1, 1], [1, 1, 0, 3, 1, 1], [1, 1, 0, 0, 1, 3], [1, 0, 3, 1, 1, 1], [1, 0, 1, 1, 3, 1], [1, 0, 3, 1, 1, 1], [1, 1, 1, 0, 0, 3], [3, 1, 1, 0, 0, 1], [1, 1, 1, 0, 3, 1], [1, 1, 1, 0, 0, 3], [1, 1, 3, 0, 1, 1], [1, 1, 0, 1, 3, 1], [1, 1, 0, 3, 1, 1], [1, 1, 0, 1, 3, 1], [1, 0, 3, 1, 0, 0], [1, 3, 0, 1, 0, 0], [1, 1, 0, 1, 0, 3], [1, 3, 0, 1, 0, 0], [1, 1, 0, 3, 0, 1], [1, 0, 3, 1, 0, 0], [0, 1, 0, 3, 1, 0], [0, 1, 0, 0, 1, 3], [0, 1, 0, 3, 1, 0], [0, 3, 1, 0, 1, 0], [0, 1, 1, 3, 1, 0], [0, 1, 1, 1, 3, 0], [3, 1, 1, 1, 1, 1], [0, 1, 1, 1, 1, 3], [0, 1, 1, 3, 1, 0], [0, 3, 1, 0, 1, 0], [0, 0, 3, 1, 1, 1], [0, 3, 1, 1, 1, 1], [3, 1, 1, 1, 1, 1], [3, 0, 1, 1, 1, 0], [0, 0, 1, 1, 1, 3], [3, 0, 1, 1, 1, 0], [0, 0, 3, 1, 1, 1], [1, 0, 1, 1, 3, 0], [1, 0, 1, 3, 0, 0], [1, 0, 1, 1, 3, 0], [1, 0, 1, 0, 0, 3], [1, 0, 3, 0, 0, 0], [3, 0, 0, 0, 0, 0], [1, 0, 3, 0, 0, 0], [1, 0, 1, 0, 0, 3], [1, 0, 3, 0, 0, 0], [1, 0, 1, 0, 3, 0], [1, 0, 3, 0, 0, 0], [3, 0, 0, 0, 0, 0], [3, 1, 0, 0, 0, 1], [1, 0, 1, 0, 0, 3], [1, 1, 3, 0, 0, 1], [1, 3, 1, 0, 0, 1], [1, 1, 3, 0, 0, 1], [1, 0, 1, 0, 0, 3], [1, 0, 1, 0, 3, 0], [1, 0, 0, 0, 3, 1], [1, 3, 0, 0, 0, 1], [3, 1, 0, 0, 0, 1], [1, 0, 0, 3, 0, 1], [1, 0, 0, 0, 3, 1], [0, 0, 3, 0, 0, 1], [0, 0, 0, 3, 0, 1], [3, 0, 0, 1, 0, 1], [0, 0, 0, 1, 3, 0], [0, 0, 0, 1, 0, 3], [0, 0, 0, 3, 0, 1], [0, 0, 3, 1, 0, 0], [1, 3, 1, 1, 0, 0], [3, 0, 1, 1, 0, 0], [0, 0, 3, 1, 0, 0], [0, 0, 0, 1, 3, 0], [0, 0, 1, 1, 0, 3], [3, 0, 1, 1, 0, 0], [1, 3, 1, 1, 0, 0], [0, 0, 1, 1, 3, 0], [0, 0, 1, 1, 0, 3], [0, 0, 1, 0, 3, 0], [3, 1, 0, 1, 1, 0], [0, 3, 0, 1, 1, 0], [0, 0, 3, 1, 1, 0], [0, 3, 0, 1, 1, 0], [0, 0, 1, 3, 1, 0], [0, 0, 1, 0, 3, 0], [0, 1, 1, 3, 0, 0], [0, 1, 3, 1, 0, 0], [0, 1, 0, 1, 3, 0], [3, 1, 0, 1, 1, 0], [0, 1, 1, 3, 0, 0], [0, 3, 1, 1, 1, 1], [0, 1, 1, 1, 1, 3], [0, 1, 3, 1, 0, 0], [0, 1, 1, 1, 3, 0], [0, 1, 1, 1, 1, 3], [0, 1, 3, 1, 0, 0], [0, 1, 3, 1, 0, 1], [0, 1, 1, 1, 3, 1], [0, 3, 1, 1, 1, 1], [1, 1, 1, 1, 1, 3], [3, 1, 1, 1, 1, 1], [0, 1, 1, 1, 3, 1], [0, 1, 3, 1, 0, 1], [0, 1, 1, 3, 1, 1], [3, 1, 1, 1, 1, 1], [1, 1, 1, 1, 1, 3], [0, 1, 1, 0, 1, 3], [0, 1, 3, 0, 0, 0], [0, 1, 1, 0, 3, 0], [0, 1, 1, 0, 1, 3], [0, 1, 1, 1, 0, 3], [0, 1, 1, 3, 0, 0], [0, 1, 3, 0, 0, 0], [1, 1, 3, 1, 0, 0], [3, 1, 1, 1, 0, 0], [0, 1, 1, 1, 0, 3], [1, 0, 1, 0, 1, 3], [1, 0, 1, 0, 3, 0], [1, 3, 1, 1, 0, 0], [1, 0, 1, 3, 0, 0], [1, 3, 1, 1, 0, 0], [1, 0, 1, 0, 3, 0], [1, 0, 1, 0, 1, 3], [1, 1, 3, 1, 0, 0], [1, 0, 0, 1, 3, 0], [1, 0, 0, 3, 1, 0], [0, 0, 1, 3, 1, 1], [1, 0, 0, 1, 1, 3], [3, 0, 1, 1, 1, 1], [1, 0, 3, 1, 1, 1], [1, 0, 0, 1, 1, 3], [1, 0, 0, 1, 3, 0], [1, 1, 1, 1, 3, 1], [1, 3, 1, 1, 1, 1], [1, 1, 1, 1, 3, 1], [3, 0, 1, 1, 1, 1], [0, 0, 1, 3, 1, 1]]
========================================
