========================================
      FINAL EXPERIMENTAL STATISTICS      
========================================
Algorithm: ABC   Problem: 6-bit #1
limit: 40   num_neighbors(N): 10
Trials: 100   Iterations: 3000
----------------------------------------
Best Gate Counts per Trial: [232, 230, 236, 232, 230, 234, 230, 236, 232, 232, 236, 234, 230, 234, 236, 230, 232, 232, 234, 240, 232, 232, 230, 234, 228, 234, 236, 232, 234, 234, 230, 232, 234, 230, 234, 230, 232, 232, 226, 232, 234, 232, 236, 236, 228, 232, 230, 236, 228, 232, 236, 234, 238, 230, 238, 230, 230, 228, 226, 230, 232, 230, 232, 236, 230, 226, 232, 232, 232, 232, 236, 226, 236, 234, 228, 228, 234, 228, 234, 236, 234, 230, 232, 234, 232, 232, 234, 234, 232, 236, 230, 230, 230, 234, 226, 230, 230, 236, 236, 228]
Global Minimum Gate Count:  226
Worst Gate Count:           240
Final Result (Gen 3000): 232.18 ± 2.94
Average Time per Experiment: 43.53s
----------------------------------------
Best Circuit Structure:
[[1, 3, 1, 1, 0, 0], [3, 1, 1, 0, 0, 1], [1, 1, 1, 0, 0, 3], [1, 1, 1, 3, 0, 0], [1, 3, 1, 1, 0, 0], [3, 1, 1, 0, 0, 1], [1, 1, 1, 0, 3, 1], [1, 1, 1, 0, 0, 3], [1, 1, 1, 0, 3, 1], [1, 1, 3, 0, 1, 1], [1, 1, 0, 3, 0, 1], [1, 1, 0, 0, 3, 1], [0, 0, 3, 0, 1, 1], [1, 3, 1, 0, 1, 0], [3, 0, 1, 0, 1, 1], [1, 0, 1, 0, 1, 3], [1, 3, 1, 0, 1, 0], [3, 0, 1, 0, 1, 1], [1, 1, 1, 0, 3, 1], [1, 3, 1, 0, 1, 1], [3, 0, 1, 0, 1, 1], [1, 3, 1, 0, 1, 1], [0, 0, 3, 0, 1, 1], [0, 1, 1, 3, 1, 1], [3, 1, 1, 0, 1, 1], [0, 1, 1, 3, 1, 1], [1, 1, 1, 0, 3, 1], [0, 1, 3, 1, 1, 1], [0, 1, 0, 3, 1, 1], [3, 0, 0, 0, 0, 1], [0, 0, 0, 0, 3, 1], [0, 3, 0, 0, 1, 1], [0, 0, 0, 0, 3, 1], [0, 1, 0, 3, 1, 1], [0, 0, 0, 3, 0, 1], [3, 0, 0, 0, 0, 1], [0, 1, 3, 1, 1, 0], [0, 3, 0, 1, 0, 1], [0, 1, 0, 1, 3, 1], [0, 1, 0, 1, 1, 3], [0, 1, 0, 1, 3, 1], [0, 3, 0, 1, 0, 1], [0, 1, 3, 1, 1, 0], [1, 3, 0, 1, 1, 0], [0, 1, 3, 1, 1, 0], [3, 1, 0, 1, 1, 0], [1, 3, 0, 1, 1, 0], [0, 1, 3, 1, 1, 0], [1, 0, 1, 1, 1, 3], [1, 0, 3, 1, 1, 0], [0, 0, 3, 0, 1, 0], [1, 0, 1, 3, 1, 0], [3, 0, 1, 0, 1, 0], [1, 0, 1, 3, 1, 0], [1, 0, 1, 1, 1, 3], [0, 0, 3, 0, 1, 0], [0, 0, 0, 3, 1, 0], [0, 0, 0, 1, 3, 0], [0, 0, 0, 3, 1, 0], [0, 0, 1, 3, 1, 0], [0, 3, 1, 1, 0, 0], [0, 0, 1, 1, 3, 0], [0, 0, 1, 3, 1, 0], [0, 3, 1, 1, 0, 0], [0, 3, 1, 0, 1, 0], [1, 1, 1, 3, 1, 1], [0, 1, 1, 0, 1, 3], [3, 1, 1, 0, 1, 1], [0, 1, 1, 0, 1, 3], [1, 1, 1, 3, 1, 1], [0, 3, 1, 0, 1, 0], [3, 0, 0, 1, 1, 1], [1, 3, 1, 1, 1, 1], [1, 0, 3, 1, 1, 1], [1, 3, 1, 1, 1, 1], [3, 0, 0, 1, 1, 1], [1, 0, 3, 1, 1, 0], [3, 0, 0, 1, 1, 1], [1, 0, 0, 1, 1, 3], [3, 0, 0, 1, 1, 1], [1, 0, 3, 1, 1, 0], [1, 0, 1, 1, 3, 0], [1, 0, 1, 3, 0, 0], [1, 0, 1, 1, 3, 0], [1, 0, 1, 0, 0, 3], [1, 0, 3, 0, 0, 0], [1, 0, 3, 0, 0, 1], [1, 0, 0, 0, 0, 3], [3, 0, 0, 0, 0, 0], [1, 0, 0, 0, 0, 3], [1, 0, 3, 0, 0, 1], [3, 0, 1, 0, 1, 0], [0, 0, 1, 0, 3, 0], [0, 0, 3, 0, 0, 0], [0, 0, 1, 0, 3, 0], [0, 1, 0, 0, 3, 1], [0, 1, 3, 0, 1, 1], [0, 3, 1, 0, 1, 0], [0, 1, 1, 0, 1, 3], [0, 3, 1, 0, 1, 0], [0, 1, 3, 0, 1, 1], [0, 1, 0, 0, 3, 1], [3, 0, 1, 0, 1, 0], [1, 0, 0, 0, 3, 1], [3, 1, 0, 0, 0, 1], [1, 3, 0, 0, 0, 1], [3, 1, 0, 0, 0, 1], [1, 0, 0, 0, 3, 1], [1, 0, 0, 1, 3, 1], [1, 0, 0, 3, 1, 1], [1, 0, 0, 1, 3, 1], [0, 0, 3, 0, 0, 1], [0, 0, 0, 3, 0, 1], [3, 0, 0, 1, 0, 1], [0, 0, 0, 3, 0, 1], [0, 0, 0, 1, 1, 3], [0, 0, 0, 3, 1, 1], [0, 0, 0, 0, 3, 1], [0, 0, 0, 3, 1, 1], [0, 0, 0, 1, 1, 3], [3, 0, 0, 1, 1, 0], [1, 0, 0, 1, 3, 0], [1, 1, 3, 1, 0, 0], [1, 3, 0, 1, 0, 0], [1, 0, 0, 1, 3, 0], [1, 1, 3, 1, 0, 0], [3, 0, 0, 1, 1, 0], [0, 0, 1, 1, 0, 3], [0, 3, 1, 1, 0, 0], [3, 1, 1, 1, 0, 0], [0, 3, 1, 1, 0, 0], [0, 0, 1, 1, 3, 0], [0, 0, 1, 1, 0, 3], [0, 0, 1, 3, 0, 0], [0, 0, 1, 1, 3, 0], [0, 0, 3, 1, 0, 0], [3, 0, 0, 1, 0, 0], [1, 1, 0, 1, 3, 0], [1, 3, 0, 1, 0, 0], [3, 0, 0, 1, 0, 0], [0, 0, 3, 1, 0, 0], [0, 0, 1, 3, 0, 0], [0, 1, 3, 0, 0, 0], [3, 1, 0, 0, 0, 0], [1, 1, 0, 3, 0, 0], [3, 1, 0, 0, 0, 0], [1, 1, 0, 1, 3, 0], [0, 1, 0, 3, 0, 0], [0, 1, 3, 0, 0, 0], [0, 1, 0, 1, 3, 0], [0, 0, 1, 1, 1, 3], [0, 3, 1, 1, 1, 0], [0, 1, 3, 1, 1, 0], [0, 3, 1, 1, 1, 0], [0, 0, 1, 1, 1, 3], [0, 1, 0, 1, 3, 0], [0, 1, 0, 1, 3, 1], [0, 3, 0, 1, 1, 1], [0, 0, 3, 1, 1, 1], [0, 3, 0, 1, 1, 1], [1, 1, 1, 1, 1, 3], [3, 1, 0, 1, 1, 1], [1, 1, 3, 1, 1, 1], [3, 1, 0, 1, 1, 1], [1, 1, 1, 1, 1, 3], [0, 1, 0, 1, 3, 1], [0, 1, 1, 3, 1, 1], [3, 1, 1, 1, 1, 0], [0, 1, 1, 1, 1, 3], [3, 1, 1, 1, 1, 0], [0, 1, 1, 3, 1, 1], [0, 1, 3, 0, 1, 1], [0, 1, 0, 0, 3, 1], [0, 1, 0, 0, 0, 3], [0, 1, 0, 0, 3, 1], [0, 1, 3, 0, 1, 1], [0, 1, 0, 3, 0, 0], [0, 1, 1, 1, 0, 3], [0, 1, 3, 1, 0, 0], [0, 1, 1, 1, 0, 3], [0, 1, 0, 3, 0, 0], [0, 1, 1, 1, 0, 3], [1, 1, 3, 1, 0, 0], [3, 1, 1, 1, 0, 0], [0, 1, 1, 1, 0, 3], [1, 1, 3, 1, 0, 0], [1, 0, 1, 3, 1, 1], [1, 1, 0, 1, 3, 0], [1, 1, 3, 1, 1, 0], [1, 3, 1, 1, 1, 0], [1, 0, 1, 1, 1, 3], [1, 3, 1, 1, 1, 0], [1, 1, 3, 1, 1, 0], [1, 1, 0, 1, 3, 0], [1, 0, 1, 3, 1, 1], [1, 1, 0, 0, 3, 0], [3, 1, 0, 0, 1, 0], [1, 1, 0, 0, 1, 3], [1, 1, 0, 3, 1, 1], [1, 1, 0, 0, 1, 3], [1, 1, 0, 0, 3, 0], [1, 1, 0, 3, 1, 0], [1, 3, 0, 1, 1, 1], [1, 1, 0, 1, 1, 3], [1, 1, 0, 3, 1, 0], [1, 0, 1, 1, 3, 1], [1, 0, 3, 1, 1, 1], [1, 0, 1, 1, 3, 1], [0, 1, 0, 3, 1, 0], [0, 1, 0, 0, 1, 3], [0, 1, 0, 3, 1, 0], [3, 0, 1, 0, 1, 1], [1, 3, 1, 0, 1, 1], [1, 1, 1, 3, 1, 1], [1, 1, 1, 1, 3, 1], [1, 1, 1, 3, 1, 1], [1, 3, 1, 0, 1, 1], [3, 0, 1, 0, 1, 1], [1, 0, 0, 3, 1, 0], [1, 0, 0, 1, 3, 0], [1, 1, 3, 1, 0, 1], [1, 3, 0, 1, 0, 0], [1, 1, 0, 1, 0, 3], [1, 3, 0, 1, 0, 0], [1, 1, 3, 1, 0, 1], [1, 0, 0, 3, 1, 0]]
========================================
