========================================
      FINAL EXPERIMENTAL STATISTICS      
========================================
Algorithm: ABC   Problem: 6-bit #1
limit: 55   num_neighbors(N): 10
Trials: 100   Iterations: 3000
----------------------------------------
Best Gate Counts per Trial: [232, 232, 232, 232, 236, 234, 228, 230, 232, 230, 236, 228, 224, 232, 234, 232, 234, 232, 232, 236, 232, 226, 232, 238, 234, 236, 238, 234, 232, 228, 228, 226, 234, 234, 228, 236, 232, 232, 232, 232, 232, 224, 236, 228, 236, 230, 234, 232, 236, 232, 234, 230, 236, 238, 232, 228, 230, 232, 238, 230, 236, 236, 236, 230, 226, 234, 232, 234, 230, 232, 230, 232, 238, 230, 236, 228, 232, 228, 236, 230, 228, 236, 230, 236, 232, 234, 230, 234, 234, 234, 232, 238, 236, 232, 230, 236, 228, 230, 234, 230]
Global Minimum Gate Count:  224
Worst Gate Count:           238
Final Result (Gen 3000): 232.30 ± 3.22
Average Time per Experiment: 43.71s
----------------------------------------
Best Circuit Structure:
[[1, 0, 0, 1, 3, 0], [0, 0, 3, 0, 1, 1], [3, 0, 0, 0, 1, 1], [1, 0, 0, 0, 1, 3], [1, 0, 0, 3, 1, 0], [3, 0, 0, 0, 1, 1], [1, 0, 0, 1, 3, 0], [0, 0, 3, 0, 1, 1], [1, 1, 1, 1, 3, 1], [1, 1, 1, 3, 1, 1], [3, 0, 1, 0, 1, 1], [1, 3, 1, 0, 1, 1], [1, 1, 1, 3, 1, 1], [1, 1, 1, 1, 3, 1], [3, 0, 1, 0, 1, 1], [0, 1, 0, 1, 1, 3], [0, 1, 0, 3, 1, 1], [0, 1, 0, 1, 1, 3], [3, 1, 1, 0, 0, 1], [1, 3, 1, 1, 0, 0], [1, 1, 1, 0, 0, 3], [1, 1, 1, 3, 0, 0], [1, 3, 1, 1, 0, 0], [3, 1, 1, 0, 0, 1], [1, 1, 1, 0, 0, 3], [1, 1, 1, 0, 3, 1], [1, 1, 1, 0, 0, 3], [1, 1, 3, 0, 1, 1], [1, 1, 0, 3, 0, 1], [1, 1, 0, 0, 3, 1], [3, 1, 1, 0, 1, 0], [0, 0, 0, 0, 1, 3], [0, 0, 3, 0, 1, 0], [0, 3, 1, 0, 1, 0], [3, 1, 1, 0, 1, 0], [0, 0, 3, 0, 1, 0], [0, 0, 0, 0, 1, 3], [3, 0, 0, 0, 1, 1], [1, 1, 1, 0, 3, 1], [1, 3, 0, 0, 1, 1], [1, 1, 3, 0, 1, 1], [1, 3, 0, 0, 1, 1], [3, 0, 0, 0, 1, 1], [0, 1, 1, 3, 1, 1], [3, 1, 1, 0, 1, 1], [1, 1, 1, 0, 3, 1], [0, 1, 1, 3, 1, 1], [0, 1, 3, 1, 1, 1], [3, 0, 0, 0, 0, 1], [0, 1, 0, 3, 1, 1], [0, 3, 0, 0, 0, 1], [0, 1, 0, 0, 3, 1], [0, 1, 0, 3, 1, 1], [0, 3, 0, 0, 0, 1], [0, 0, 0, 3, 0, 1], [3, 0, 0, 0, 0, 1], [0, 3, 0, 1, 0, 1], [0, 1, 3, 1, 0, 1], [0, 1, 1, 1, 1, 3], [0, 1, 1, 1, 3, 1], [0, 1, 3, 1, 0, 1], [0, 1, 1, 1, 1, 3], [0, 3, 0, 1, 0, 1], [0, 3, 1, 1, 1, 0], [1, 0, 3, 1, 1, 0], [3, 0, 1, 1, 1, 0], [1, 0, 3, 1, 1, 0], [0, 3, 1, 1, 1, 0], [1, 0, 3, 1, 1, 1], [0, 0, 0, 3, 1, 0], [3, 0, 0, 1, 1, 0], [1, 0, 0, 1, 1, 3], [1, 0, 3, 1, 1, 1], [0, 0, 0, 1, 3, 0], [0, 0, 0, 3, 1, 0], [1, 1, 0, 0, 3, 0], [3, 1, 0, 0, 1, 0], [1, 1, 0, 3, 1, 1], [1, 1, 0, 0, 1, 3], [1, 1, 0, 0, 3, 0], [1, 1, 0, 3, 1, 1], [1, 1, 0, 0, 1, 3], [1, 3, 0, 1, 1, 1], [1, 1, 0, 3, 1, 1], [1, 1, 0, 0, 1, 3], [1, 0, 1, 1, 3, 1], [1, 0, 3, 1, 1, 1], [1, 0, 1, 1, 3, 1], [0, 1, 1, 3, 0, 0], [3, 1, 0, 1, 1, 0], [0, 1, 1, 1, 3, 0], [0, 1, 3, 1, 1, 0], [3, 1, 0, 1, 1, 0], [0, 1, 1, 1, 3, 0], [0, 1, 1, 3, 0, 0], [0, 1, 0, 3, 0, 0], [0, 1, 3, 0, 0, 0], [0, 1, 0, 3, 0, 0], [0, 3, 1, 1, 1, 1], [0, 1, 1, 1, 1, 3], [0, 1, 3, 1, 1, 0], [0, 1, 0, 1, 3, 0], [0, 1, 3, 1, 1, 0], [0, 1, 1, 1, 1, 3], [0, 3, 1, 1, 1, 1], [0, 1, 0, 1, 3, 1], [0, 1, 3, 1, 1, 1], [0, 3, 1, 1, 1, 1], [0, 1, 3, 1, 1, 1], [0, 1, 0, 1, 3, 1], [1, 1, 1, 1, 1, 3], [0, 1, 3, 1, 0, 1], [3, 1, 1, 1, 1, 1], [0, 1, 1, 1, 3, 1], [3, 1, 1, 1, 1, 1], [0, 1, 3, 1, 0, 1], [1, 1, 1, 1, 1, 3], [3, 1, 1, 1, 1, 0], [0, 1, 1, 0, 1, 3], [0, 1, 1, 3, 1, 0], [3, 1, 1, 1, 1, 0], [0, 1, 1, 0, 1, 3], [0, 1, 0, 0, 0, 3], [0, 1, 0, 0, 3, 1], [0, 1, 3, 0, 1, 1], [0, 1, 0, 0, 3, 1], [0, 1, 3, 0, 0, 1], [0, 1, 1, 3, 0, 1], [0, 1, 3, 0, 0, 1], [0, 1, 0, 0, 0, 3], [1, 1, 0, 1, 0, 3], [1, 1, 3, 1, 0, 1], [3, 1, 1, 1, 0, 1], [1, 1, 3, 1, 0, 1], [1, 1, 0, 1, 0, 3], [1, 0, 1, 0, 1, 3], [1, 0, 1, 3, 1, 0], [1, 3, 0, 1, 0, 0], [1, 0, 1, 1, 3, 0], [1, 0, 3, 1, 0, 0], [1, 3, 0, 1, 0, 0], [1, 0, 1, 1, 3, 0], [3, 1, 1, 1, 0, 0], [1, 1, 1, 1, 3, 0], [1, 3, 1, 1, 1, 0], [1, 0, 1, 3, 1, 0], [1, 1, 1, 1, 3, 0], [1, 0, 1, 0, 1, 3], [3, 1, 1, 1, 0, 0], [0, 3, 1, 0, 1, 0], [0, 1, 1, 0, 3, 0], [0, 1, 1, 3, 0, 0], [0, 1, 1, 0, 3, 0], [0, 1, 1, 3, 1, 0], [1, 1, 1, 1, 1, 3], [3, 1, 1, 1, 1, 0], [0, 1, 1, 3, 1, 0], [0, 3, 1, 0, 1, 0], [1, 1, 1, 1, 1, 3], [1, 3, 1, 1, 1, 1], [1, 0, 3, 1, 1, 1], [3, 0, 0, 1, 1, 1], [1, 0, 3, 1, 1, 1], [1, 3, 1, 1, 1, 1], [3, 0, 0, 1, 1, 1], [1, 0, 3, 1, 1, 0], [1, 0, 0, 1, 1, 3], [3, 0, 0, 1, 1, 1], [1, 0, 3, 1, 1, 0], [1, 0, 1, 3, 1, 0], [1, 0, 1, 0, 3, 0], [1, 0, 1, 3, 1, 0], [1, 0, 1, 0, 0, 3], [1, 0, 3, 0, 0, 0], [1, 0, 1, 0, 0, 3], [3, 0, 0, 0, 0, 0], [1, 0, 3, 0, 0, 0], [3, 0, 0, 0, 0, 0], [1, 0, 1, 0, 0, 3], [0, 0, 0, 0, 3, 0], [1, 0, 3, 0, 1, 0], [3, 0, 0, 0, 1, 0], [0, 0, 0, 0, 3, 0], [0, 1, 0, 0, 0, 3], [0, 1, 0, 0, 3, 0], [1, 3, 0, 0, 1, 0], [3, 1, 0, 0, 1, 0], [1, 3, 0, 0, 1, 0], [1, 0, 3, 0, 1, 0], [0, 1, 0, 0, 3, 0], [0, 1, 0, 0, 0, 3], [0, 3, 0, 0, 0, 1], [0, 0, 0, 0, 3, 1], [3, 0, 0, 0, 1, 1], [0, 0, 0, 0, 3, 1], [0, 3, 0, 0, 0, 1], [1, 0, 0, 1, 3, 1], [1, 0, 0, 3, 1, 1], [1, 0, 0, 1, 3, 1], [0, 0, 3, 0, 0, 1], [3, 0, 0, 1, 0, 1], [0, 0, 0, 3, 0, 1], [3, 0, 0, 1, 0, 1], [0, 0, 0, 1, 1, 3], [0, 0, 0, 3, 0, 1], [0, 0, 0, 1, 3, 1], [0, 0, 0, 1, 1, 3], [0, 0, 0, 3, 0, 1], [3, 1, 1, 1, 0, 0], [0, 1, 1, 1, 3, 0], [0, 3, 0, 1, 1, 0], [0, 1, 3, 1, 1, 0], [0, 1, 1, 1, 3, 0], [3, 1, 1, 1, 0, 0], [0, 3, 0, 1, 1, 0], [3, 1, 1, 1, 0, 0], [0, 0, 1, 1, 0, 3], [0, 3, 1, 1, 0, 0], [3, 1, 1, 1, 0, 0], [0, 0, 1, 1, 3, 0], [0, 0, 1, 1, 0, 3], [0, 0, 1, 3, 0, 0], [0, 0, 1, 1, 3, 0], [0, 0, 1, 3, 0, 0]]
========================================
