========================================
      FINAL EXPERIMENTAL STATISTICS      
========================================
Algorithm: ABC   Problem: 6-bit #1
limit: 80   num_neighbors(N): 10
Trials: 100   Iterations: 3000
----------------------------------------
Best Gate Counts per Trial: [232, 234, 230, 230, 236, 232, 228, 234, 230, 234, 232, 234, 228, 238, 232, 234, 230, 230, 228, 228, 238, 236, 234, 228, 226, 240, 230, 232, 234, 236, 236, 230, 228, 232, 232, 234, 236, 238, 228, 232, 232, 236, 232, 236, 234, 234, 232, 228, 234, 234, 234, 236, 228, 234, 234, 238, 232, 234, 232, 234, 234, 232, 232, 234, 234, 230, 236, 230, 234, 234, 236, 238, 240, 228, 238, 230, 234, 230, 238, 230, 236, 240, 236, 232, 232, 230, 238, 232, 232, 240, 228, 230, 232, 234, 232, 236, 240, 236, 228, 234]
Global Minimum Gate Count:  226
Worst Gate Count:           240
Final Result (Gen 3000): 233.12 ± 3.30
Average Time per Experiment: 43.50s
----------------------------------------
Best Circuit Structure:
[[1, 0, 0, 0, 3, 1], [3, 1, 0, 0, 0, 1], [1, 3, 0, 0, 0, 1], [1, 0, 0, 0, 3, 1], [3, 1, 0, 0, 0, 1], [1, 0, 0, 1, 3, 1], [1, 0, 0, 3, 1, 1], [1, 0, 0, 1, 3, 1], [0, 0, 3, 0, 0, 1], [0, 0, 0, 3, 0, 1], [3, 0, 0, 1, 0, 1], [0, 0, 0, 1, 3, 0], [0, 0, 0, 1, 0, 3], [0, 0, 0, 1, 3, 0], [0, 0, 0, 3, 0, 1], [1, 3, 1, 1, 0, 0], [1, 0, 1, 1, 3, 0], [3, 0, 0, 1, 1, 0], [1, 0, 3, 1, 1, 0], [1, 0, 1, 1, 3, 0], [3, 0, 0, 1, 1, 0], [0, 0, 1, 1, 0, 3], [3, 0, 1, 1, 0, 0], [0, 0, 1, 1, 0, 3], [1, 3, 1, 1, 0, 0], [0, 0, 1, 1, 3, 0], [0, 0, 1, 1, 0, 3], [0, 0, 1, 3, 0, 0], [0, 0, 1, 1, 3, 0], [3, 0, 1, 0, 0, 0], [1, 3, 1, 0, 0, 0], [1, 1, 0, 1, 3, 0], [1, 1, 0, 3, 0, 0], [1, 1, 3, 0, 0, 0], [1, 3, 1, 0, 0, 0], [3, 0, 1, 0, 0, 0], [1, 1, 0, 3, 0, 0], [1, 1, 0, 1, 3, 0], [3, 1, 1, 0, 0, 0], [1, 1, 0, 3, 1, 0], [1, 1, 3, 0, 1, 0], [1, 1, 1, 0, 3, 0], [3, 1, 1, 0, 0, 0], [1, 1, 3, 0, 1, 0], [1, 1, 0, 3, 1, 0], [0, 1, 3, 0, 0, 0], [0, 1, 0, 3, 0, 0], [0, 1, 3, 0, 0, 0], [0, 1, 0, 1, 0, 3], [0, 3, 1, 1, 1, 1], [0, 1, 3, 1, 0, 1], [0, 1, 1, 1, 3, 1], [0, 1, 3, 1, 0, 1], [0, 1, 0, 1, 0, 3], [0, 1, 0, 1, 3, 1], [0, 1, 3, 1, 1, 1], [0, 3, 1, 1, 1, 1], [1, 1, 3, 1, 1, 0], [0, 1, 0, 1, 1, 3], [3, 1, 0, 1, 1, 0], [1, 1, 3, 1, 1, 0], [0, 1, 0, 1, 1, 3], [0, 1, 0, 1, 3, 1], [0, 1, 1, 0, 1, 3], [0, 1, 1, 3, 1, 0], [3, 1, 1, 1, 1, 0], [0, 1, 1, 3, 1, 0], [0, 1, 0, 0, 3, 0], [0, 1, 3, 0, 1, 0], [0, 1, 1, 0, 1, 3], [0, 1, 0, 0, 3, 0], [0, 1, 1, 3, 0, 1], [0, 1, 3, 0, 0, 0], [0, 1, 1, 0, 0, 3], [0, 1, 1, 3, 0, 1], [0, 1, 3, 0, 0, 0], [0, 1, 3, 1, 0, 1], [3, 1, 0, 1, 0, 0], [0, 1, 0, 1, 0, 3], [3, 1, 0, 1, 0, 0], [0, 1, 3, 1, 0, 1], [1, 1, 0, 1, 0, 3], [1, 0, 1, 3, 1, 1], [1, 3, 0, 1, 0, 1], [1, 0, 0, 1, 3, 1], [1, 0, 3, 1, 1, 1], [1, 0, 0, 1, 3, 1], [1, 3, 0, 1, 0, 1], [1, 0, 1, 3, 1, 1], [1, 1, 0, 1, 0, 3], [1, 0, 1, 3, 1, 1], [0, 1, 1, 1, 3, 0], [3, 1, 1, 1, 1, 0], [1, 3, 1, 1, 1, 1], [1, 1, 1, 1, 1, 3], [3, 1, 1, 1, 1, 0], [1, 3, 1, 1, 1, 1], [1, 0, 1, 3, 1, 1], [0, 1, 1, 1, 3, 0], [0, 3, 1, 0, 1, 0], [0, 1, 1, 3, 0, 0], [0, 1, 1, 0, 3, 0], [0, 3, 1, 0, 1, 0], [0, 1, 1, 3, 0, 0], [3, 0, 1, 0, 1, 0], [1, 3, 1, 0, 1, 0], [1, 1, 1, 3, 1, 1], [1, 1, 1, 0, 1, 3], [1, 3, 1, 0, 1, 0], [3, 0, 1, 0, 1, 0], [1, 1, 1, 3, 1, 1], [0, 3, 0, 1, 1, 1], [3, 1, 1, 1, 1, 1], [0, 1, 3, 1, 1, 1], [3, 1, 1, 1, 1, 1], [0, 3, 0, 1, 1, 1], [3, 0, 1, 1, 1, 0], [0, 0, 3, 1, 1, 1], [0, 0, 1, 1, 1, 3], [0, 0, 3, 1, 1, 1], [3, 0, 1, 1, 1, 0], [1, 0, 1, 0, 3, 0], [1, 0, 1, 3, 1, 0], [1, 0, 1, 0, 3, 0], [1, 0, 1, 0, 0, 3], [1, 0, 3, 0, 0, 0], [0, 0, 0, 0, 0, 3], [3, 0, 1, 0, 0, 1], [0, 0, 3, 0, 0, 1], [3, 0, 1, 0, 0, 1], [0, 0, 0, 0, 0, 3], [1, 0, 1, 0, 3, 0], [0, 0, 3, 0, 0, 0], [3, 0, 1, 0, 0, 0], [0, 0, 3, 0, 0, 0], [1, 0, 1, 0, 3, 0], [1, 0, 0, 1, 3, 0], [0, 0, 3, 0, 1, 1], [1, 0, 0, 0, 1, 3], [3, 0, 0, 0, 1, 1], [1, 0, 0, 0, 1, 3], [1, 0, 0, 3, 1, 0], [0, 0, 3, 0, 1, 1], [1, 0, 0, 1, 3, 0], [3, 1, 1, 1, 0, 1], [0, 1, 1, 1, 3, 1], [0, 3, 1, 1, 1, 1], [0, 0, 1, 3, 1, 1], [0, 3, 1, 1, 1, 1], [0, 1, 1, 1, 3, 1], [3, 1, 1, 1, 0, 1], [3, 1, 1, 0, 1, 0], [0, 1, 3, 0, 1, 0], [0, 3, 0, 0, 1, 1], [0, 1, 0, 0, 1, 3], [0, 1, 3, 0, 1, 0], [0, 3, 0, 0, 1, 1], [3, 1, 1, 0, 1, 0], [0, 0, 3, 0, 1, 1], [1, 1, 1, 0, 3, 1], [3, 0, 1, 0, 1, 1], [1, 3, 1, 0, 1, 1], [3, 0, 1, 0, 1, 1], [0, 0, 3, 0, 1, 1], [0, 1, 1, 3, 1, 1], [3, 1, 1, 0, 1, 1], [1, 1, 1, 0, 3, 1], [0, 1, 1, 3, 1, 1], [0, 1, 3, 1, 1, 1], [3, 1, 0, 1, 1, 1], [1, 3, 0, 1, 1, 1], [1, 0, 0, 0, 3, 1], [1, 0, 0, 3, 1, 1], [1, 0, 0, 0, 3, 1], [1, 3, 0, 1, 1, 1], [3, 1, 0, 1, 1, 1], [3, 0, 0, 1, 0, 1], [1, 0, 0, 3, 0, 1], [3, 0, 0, 1, 0, 1], [0, 0, 3, 1, 0, 1], [0, 0, 1, 1, 3, 1], [0, 3, 1, 1, 1, 0], [0, 0, 1, 1, 1, 3], [0, 0, 1, 1, 3, 1], [0, 0, 3, 1, 0, 1], [3, 0, 1, 1, 1, 0], [1, 0, 3, 1, 1, 0], [3, 0, 1, 1, 1, 0], [0, 3, 1, 1, 1, 0], [1, 0, 3, 1, 1, 1], [1, 0, 0, 1, 1, 3], [0, 0, 0, 3, 1, 0], [0, 0, 0, 1, 1, 3], [3, 0, 0, 1, 1, 1], [0, 0, 0, 1, 1, 3], [1, 0, 3, 1, 1, 1], [0, 0, 0, 1, 3, 0], [0, 0, 0, 3, 1, 0], [0, 1, 0, 3, 1, 0], [0, 1, 0, 0, 1, 3], [0, 1, 0, 3, 1, 0], [1, 3, 1, 1, 0, 0], [3, 1, 1, 0, 0, 1], [1, 1, 1, 0, 0, 3], [1, 1, 1, 3, 0, 0], [1, 3, 1, 1, 0, 0], [3, 1, 1, 0, 0, 1], [1, 1, 1, 0, 0, 3], [1, 1, 1, 0, 3, 1], [1, 1, 1, 0, 0, 3], [1, 1, 3, 0, 1, 1], [1, 1, 0, 3, 0, 1], [1, 1, 0, 0, 3, 1], [1, 1, 0, 0, 3, 0], [3, 1, 0, 0, 1, 0], [1, 1, 0, 3, 1, 1], [1, 1, 0, 0, 1, 3], [1, 1, 0, 3, 1, 1], [1, 1, 0, 0, 3, 0], [1, 1, 0, 3, 1, 0], [1, 3, 0, 1, 1, 1], [1, 1, 0, 1, 1, 3], [1, 1, 0, 3, 1, 0], [1, 0, 3, 1, 1, 1], [1, 0, 1, 1, 3, 1], [1, 0, 3, 1, 1, 1]]
========================================
