========================================
      FINAL EXPERIMENTAL STATISTICS      
========================================
Algorithm: ABC   Problem: 6-bit #1
limit: 5   num_neighbors(N): 10
Trials: 100   Iterations: 3000
----------------------------------------
Best Gate Counts per Trial: [250, 250, 248, 250, 250, 248, 250, 248, 250, 252, 248, 246, 240, 246, 248, 250, 250, 252, 248, 246, 250, 248, 248, 250, 252, 250, 252, 248, 254, 250, 252, 252, 252, 250, 248, 250, 252, 250, 250, 250, 248, 250, 250, 250, 250, 252, 252, 252, 250, 242, 252, 250, 248, 250, 246, 248, 248, 250, 248, 250, 250, 250, 252, 248, 248, 252, 250, 252, 250, 248, 248, 252, 250, 250, 250, 250, 248, 250, 252, 252, 250, 248, 242, 248, 250, 250, 252, 252, 252, 248, 242, 250, 252, 250, 248, 250, 252, 252, 248, 244]
Global Minimum Gate Count:  240
Worst Gate Count:           254
Final Result (Gen 3000): 249.46 ± 2.40
Average Time per Experiment: 43.60s
----------------------------------------
Best Circuit Structure:
[[0, 1, 0, 0, 1, 3], [0, 1, 0, 3, 1, 0], [0, 1, 0, 0, 1, 3], [0, 1, 1, 3, 0, 0], [1, 1, 3, 1, 1, 0], [0, 1, 1, 1, 3, 0], [3, 1, 1, 1, 1, 0], [0, 1, 1, 1, 3, 0], [1, 1, 3, 1, 1, 0], [0, 1, 3, 1, 0, 0], [0, 1, 1, 3, 0, 0], [0, 0, 1, 1, 1, 3], [0, 3, 0, 1, 0, 0], [0, 0, 0, 1, 3, 0], [0, 0, 3, 1, 1, 0], [0, 0, 0, 1, 3, 0], [0, 3, 0, 1, 0, 0], [0, 0, 1, 1, 1, 3], [0, 3, 0, 1, 0, 1], [0, 0, 3, 1, 1, 1], [0, 0, 0, 1, 3, 1], [0, 3, 0, 1, 0, 1], [0, 0, 3, 1, 1, 1], [1, 1, 1, 1, 3, 0], [0, 1, 3, 1, 0, 1], [3, 1, 1, 1, 0, 0], [0, 1, 1, 1, 0, 3], [3, 1, 1, 1, 0, 0], [1, 1, 1, 1, 3, 0], [0, 1, 3, 1, 0, 1], [0, 1, 1, 0, 1, 3], [3, 1, 1, 1, 1, 0], [0, 1, 1, 3, 1, 0], [0, 1, 1, 0, 1, 3], [3, 1, 1, 1, 1, 0], [0, 1, 1, 0, 3, 1], [0, 1, 1, 0, 0, 3], [0, 1, 3, 0, 0, 0], [0, 1, 1, 0, 0, 3], [0, 1, 1, 0, 3, 1], [0, 1, 1, 1, 0, 3], [0, 1, 0, 3, 0, 0], [0, 1, 3, 1, 0, 0], [0, 1, 1, 1, 0, 3], [0, 1, 0, 3, 0, 0], [0, 1, 1, 1, 0, 3], [1, 1, 3, 1, 0, 0], [3, 1, 1, 1, 0, 0], [1, 1, 3, 1, 0, 0], [0, 1, 1, 1, 0, 3], [1, 0, 1, 0, 3, 1], [1, 3, 0, 1, 0, 0], [1, 0, 3, 1, 0, 0], [1, 0, 1, 0, 0, 3], [1, 0, 1, 3, 0, 0], [1, 0, 1, 0, 0, 3], [1, 0, 1, 0, 3, 1], [1, 0, 3, 1, 0, 0], [1, 3, 0, 1, 0, 0], [0, 1, 1, 3, 0, 0], [0, 3, 1, 0, 0, 0], [3, 0, 1, 0, 0, 0], [1, 0, 1, 0, 1, 3], [1, 0, 1, 0, 3, 0], [1, 0, 1, 0, 1, 3], [3, 0, 1, 0, 0, 0], [0, 0, 1, 0, 3, 0], [0, 3, 1, 0, 0, 0], [0, 1, 1, 3, 0, 0], [1, 1, 1, 1, 1, 3], [3, 0, 1, 0, 1, 0], [1, 3, 1, 0, 1, 0], [1, 1, 1, 3, 1, 0], [1, 1, 1, 1, 1, 3], [1, 3, 1, 0, 1, 0], [3, 0, 1, 0, 1, 0], [3, 0, 0, 1, 1, 1], [1, 3, 0, 1, 1, 1], [1, 1, 3, 1, 1, 1], [1, 3, 0, 1, 1, 1], [3, 0, 0, 1, 1, 1], [1, 0, 3, 1, 1, 0], [0, 0, 0, 1, 1, 3], [3, 0, 0, 1, 1, 0], [1, 0, 3, 1, 1, 0], [0, 0, 0, 1, 1, 3], [1, 0, 1, 0, 3, 0], [1, 0, 1, 3, 1, 0], [1, 0, 1, 0, 3, 0], [1, 0, 1, 0, 0, 3], [1, 0, 3, 0, 0, 0], [0, 0, 3, 0, 0, 0], [0, 0, 1, 0, 0, 3], [3, 0, 1, 0, 0, 1], [0, 0, 1, 0, 0, 3], [0, 0, 3, 0, 0, 0], [3, 0, 0, 0, 0, 0], [1, 0, 0, 0, 3, 0], [1, 0, 3, 0, 1, 0], [1, 0, 0, 0, 3, 0], [3, 0, 0, 0, 0, 0], [0, 1, 3, 0, 0, 1], [3, 0, 1, 0, 1, 0], [0, 3, 1, 0, 1, 0], [0, 1, 1, 0, 0, 3], [0, 1, 1, 0, 3, 0], [0, 1, 1, 0, 0, 3], [0, 1, 3, 0, 0, 1], [0, 3, 1, 0, 1, 0], [3, 0, 1, 0, 1, 0], [1, 3, 0, 0, 1, 1], [3, 1, 0, 0, 1, 1], [0, 1, 0, 0, 3, 1], [3, 1, 0, 0, 1, 1], [1, 3, 0, 0, 1, 1], [1, 0, 0, 0, 3, 1], [1, 0, 0, 3, 0, 1], [1, 0, 0, 0, 3, 1], [0, 0, 3, 0, 0, 1], [3, 0, 0, 1, 0, 1], [0, 0, 0, 3, 0, 1], [3, 0, 0, 1, 0, 1], [0, 0, 0, 3, 0, 1], [0, 0, 0, 1, 3, 1], [0, 0, 0, 1, 1, 3], [0, 0, 0, 1, 3, 1], [0, 0, 0, 3, 0, 1], [3, 0, 0, 1, 1, 0], [1, 3, 1, 1, 0, 0], [1, 0, 3, 1, 1, 0], [1, 0, 1, 1, 3, 0], [1, 3, 1, 1, 0, 0], [1, 0, 3, 1, 1, 0], [3, 0, 0, 1, 1, 0], [0, 0, 1, 1, 0, 3], [1, 3, 1, 1, 0, 0], [3, 0, 1, 1, 0, 0], [1, 3, 1, 1, 0, 0], [0, 0, 1, 1, 3, 0], [0, 0, 1, 1, 0, 3], [0, 0, 1, 3, 1, 0], [0, 0, 1, 0, 3, 0], [0, 0, 1, 3, 1, 0], [3, 0, 0, 0, 1, 1], [1, 0, 0, 0, 1, 3], [1, 1, 3, 0, 1, 0], [1, 3, 0, 0, 1, 0], [1, 1, 3, 0, 1, 0], [1, 0, 0, 0, 1, 3], [1, 0, 3, 0, 1, 1], [1, 3, 1, 0, 0, 1], [1, 0, 1, 0, 3, 1], [1, 0, 3, 0, 1, 1], [3, 0, 0, 0, 1, 1], [1, 3, 1, 0, 0, 1], [0, 1, 1, 3, 1, 1], [0, 1, 1, 0, 3, 1], [3, 1, 1, 0, 0, 1], [0, 1, 1, 0, 3, 1], [0, 1, 1, 3, 1, 1], [0, 1, 3, 1, 1, 1], [3, 1, 0, 1, 1, 1], [1, 1, 0, 1, 3, 1], [1, 3, 0, 1, 0, 1], [1, 0, 0, 3, 0, 1], [1, 3, 0, 1, 0, 1], [1, 1, 0, 1, 3, 1], [3, 1, 0, 1, 1, 1], [0, 0, 0, 3, 0, 1], [3, 0, 0, 0, 0, 1], [0, 0, 0, 3, 0, 1], [0, 3, 0, 1, 0, 1], [0, 1, 0, 1, 0, 3], [0, 1, 3, 1, 1, 0], [0, 1, 0, 1, 3, 0], [0, 1, 0, 1, 0, 3], [0, 1, 3, 1, 1, 0], [0, 3, 0, 1, 0, 1], [3, 1, 1, 1, 1, 0], [1, 1, 3, 1, 1, 0], [1, 3, 0, 1, 1, 0], [1, 1, 3, 1, 1, 0], [3, 1, 1, 1, 1, 0], [1, 0, 1, 1, 1, 3], [1, 0, 3, 1, 1, 0], [1, 0, 1, 1, 1, 3], [1, 0, 3, 1, 1, 1], [1, 0, 0, 3, 1, 1], [3, 0, 0, 0, 1, 0], [1, 0, 0, 0, 1, 3], [1, 0, 0, 3, 1, 1], [1, 0, 3, 1, 1, 1], [3, 0, 0, 0, 1, 0], [0, 0, 0, 1, 3, 0], [0, 0, 0, 3, 1, 0], [0, 0, 0, 1, 3, 0], [1, 1, 0, 0, 3, 0], [3, 1, 0, 0, 1, 0], [1, 1, 0, 1, 1, 3], [1, 1, 0, 3, 1, 0], [1, 1, 0, 0, 3, 0], [1, 1, 0, 1, 1, 3], [1, 1, 0, 0, 1, 3], [1, 3, 0, 1, 1, 1], [1, 1, 0, 3, 1, 1], [1, 1, 0, 0, 1, 3], [1, 0, 0, 1, 3, 1], [1, 0, 3, 1, 0, 1], [1, 0, 0, 1, 3, 1], [0, 1, 1, 0, 0, 3], [3, 1, 1, 0, 0, 0], [1, 3, 1, 1, 0, 0], [1, 1, 1, 3, 0, 0], [1, 3, 1, 1, 0, 0], [0, 1, 1, 0, 0, 3], [1, 1, 1, 0, 3, 0], [1, 1, 1, 0, 1, 3], [1, 1, 1, 0, 3, 0], [1, 1, 3, 0, 1, 1], [1, 1, 0, 3, 0, 1], [1, 1, 0, 0, 3, 1], [1, 0, 0, 1, 3, 0], [1, 0, 0, 3, 1, 0], [1, 0, 0, 1, 3, 0], [3, 0, 1, 0, 1, 1], [1, 0, 0, 1, 3, 0], [1, 0, 3, 0, 1, 1], [1, 0, 0, 0, 1, 3], [1, 0, 0, 3, 1, 0], [1, 0, 0, 1, 3, 0], [1, 0, 0, 0, 1, 3], [1, 0, 3, 0, 1, 1], [3, 0, 1, 0, 1, 1], [0, 3, 1, 0, 1, 1], [1, 1, 1, 1, 3, 1], [1, 1, 1, 3, 1, 1], [3, 1, 1, 0, 1, 1], [1, 1, 1, 3, 1, 1], [0, 3, 1, 0, 1, 1], [1, 1, 1, 1, 3, 1]]
========================================
