========================================
      FINAL EXPERIMENTAL STATISTICS      
========================================
Algorithm: ABC   Problem: 6-bit #1
limit: 25   num_neighbors(N): 10
Trials: 100   Iterations: 3000
----------------------------------------
Best Gate Counts per Trial: [234, 238, 234, 234, 236, 232, 236, 236, 236, 234, 232, 238, 236, 236, 234, 232, 234, 240, 238, 232, 238, 230, 238, 238, 236, 238, 232, 230, 238, 236, 234, 230, 240, 232, 234, 236, 232, 238, 240, 238, 236, 236, 232, 236, 236, 234, 236, 236, 236, 234, 238, 238, 238, 240, 234, 232, 236, 232, 234, 234, 232, 236, 236, 232, 238, 238, 234, 238, 238, 232, 234, 236, 232, 236, 232, 236, 236, 240, 236, 240, 238, 232, 234, 236, 234, 238, 230, 236, 238, 236, 236, 236, 232, 236, 234, 230, 238, 234, 236, 234]
Global Minimum Gate Count:  230
Worst Gate Count:           240
Final Result (Gen 3000): 235.28 ± 2.57
Average Time per Experiment: 43.69s
----------------------------------------
Best Circuit Structure:
[[0, 1, 0, 3, 1, 0], [0, 1, 0, 0, 1, 3], [0, 1, 0, 3, 1, 0], [0, 1, 1, 3, 0, 0], [0, 0, 1, 0, 3, 0], [0, 3, 1, 0, 0, 0], [0, 0, 1, 0, 3, 0], [0, 1, 1, 3, 0, 0], [3, 1, 1, 1, 1, 1], [0, 3, 1, 0, 1, 0], [0, 1, 1, 1, 1, 3], [0, 1, 1, 3, 1, 0], [0, 1, 1, 1, 1, 3], [3, 1, 1, 1, 1, 1], [0, 3, 1, 0, 1, 0], [0, 0, 3, 1, 1, 1], [0, 3, 1, 1, 1, 1], [3, 1, 1, 1, 1, 1], [0, 3, 1, 1, 1, 1], [3, 0, 1, 1, 1, 1], [1, 0, 1, 1, 1, 3], [3, 0, 1, 1, 1, 1], [0, 0, 3, 1, 1, 1], [1, 0, 1, 3, 1, 0], [1, 0, 1, 0, 3, 0], [1, 0, 1, 3, 1, 0], [1, 0, 1, 0, 0, 3], [1, 0, 3, 0, 0, 0], [3, 0, 1, 0, 0, 1], [0, 0, 0, 0, 0, 3], [0, 0, 3, 0, 0, 1], [3, 0, 1, 0, 0, 1], [0, 0, 0, 0, 0, 3], [0, 0, 3, 0, 0, 0], [3, 0, 1, 0, 0, 0], [1, 0, 1, 0, 3, 0], [3, 0, 1, 0, 0, 0], [0, 0, 3, 0, 0, 0], [3, 1, 0, 0, 0, 1], [1, 3, 1, 0, 1, 0], [1, 1, 1, 0, 3, 0], [1, 1, 0, 0, 0, 3], [1, 1, 3, 0, 0, 0], [1, 1, 1, 0, 3, 0], [1, 3, 1, 0, 1, 0], [1, 1, 0, 0, 0, 3], [1, 0, 0, 0, 3, 1], [1, 3, 0, 0, 0, 1], [3, 1, 0, 0, 0, 1], [1, 0, 0, 0, 3, 1], [1, 0, 0, 1, 3, 1], [1, 0, 0, 3, 1, 1], [1, 0, 0, 1, 3, 1], [0, 0, 1, 3, 0, 1], [3, 0, 0, 1, 0, 1], [0, 0, 3, 1, 0, 1], [3, 0, 0, 1, 0, 1], [0, 0, 1, 3, 0, 1], [0, 0, 3, 0, 0, 1], [0, 0, 0, 0, 0, 3], [0, 0, 0, 0, 3, 0], [0, 0, 0, 3, 1, 0], [0, 0, 0, 0, 3, 0], [0, 0, 0, 0, 0, 3], [1, 1, 3, 1, 0, 0], [0, 3, 0, 1, 1, 0], [3, 1, 0, 1, 0, 0], [0, 1, 0, 1, 3, 0], [3, 1, 0, 1, 0, 0], [1, 1, 3, 1, 0, 0], [0, 3, 0, 1, 1, 0], [1, 3, 1, 1, 0, 0], [3, 0, 1, 1, 0, 0], [0, 0, 1, 1, 0, 3], [3, 0, 1, 1, 0, 0], [1, 3, 1, 1, 0, 0], [0, 0, 1, 1, 1, 3], [0, 0, 1, 1, 3, 1], [0, 0, 1, 1, 1, 3], [0, 0, 1, 1, 3, 0], [0, 0, 1, 3, 0, 0], [0, 0, 1, 1, 3, 0], [3, 0, 1, 0, 0, 0], [1, 1, 0, 3, 1, 0], [1, 1, 0, 0, 3, 0], [1, 3, 0, 0, 0, 0], [1, 0, 3, 0, 0, 0], [1, 3, 0, 0, 0, 0], [1, 1, 0, 0, 3, 0], [3, 0, 1, 0, 0, 0], [0, 1, 3, 0, 0, 0], [0, 1, 0, 0, 3, 0], [3, 1, 0, 0, 1, 0], [1, 1, 0, 3, 1, 0], [0, 1, 0, 0, 3, 0], [0, 1, 0, 3, 0, 0], [0, 1, 3, 0, 0, 0], [0, 0, 1, 1, 3, 1], [0, 3, 1, 1, 0, 1], [0, 1, 3, 1, 0, 0], [0, 1, 1, 1, 0, 3], [0, 1, 3, 1, 0, 0], [0, 3, 1, 1, 0, 1], [0, 0, 1, 1, 3, 1], [0, 1, 0, 1, 3, 1], [0, 1, 3, 1, 1, 1], [0, 3, 1, 1, 1, 1], [1, 1, 1, 1, 1, 3], [3, 1, 1, 1, 1, 1], [0, 1, 3, 1, 1, 1], [1, 1, 1, 1, 1, 3], [0, 1, 0, 1, 3, 1], [1, 1, 1, 1, 1, 3], [1, 1, 1, 3, 1, 1], [3, 1, 1, 0, 1, 1], [1, 1, 1, 3, 1, 1], [1, 1, 1, 1, 1, 3], [0, 1, 3, 0, 1, 1], [0, 1, 0, 0, 0, 3], [0, 1, 0, 0, 3, 1], [0, 1, 0, 0, 0, 3], [0, 1, 3, 0, 1, 1], [0, 1, 1, 1, 0, 3], [0, 1, 3, 1, 0, 0], [0, 1, 0, 3, 0, 0], [0, 1, 3, 1, 0, 0], [0, 1, 1, 1, 0, 3], [0, 1, 3, 1, 0, 1], [1, 1, 0, 1, 0, 3], [3, 1, 0, 1, 0, 1], [1, 1, 0, 1, 0, 3], [0, 1, 3, 1, 0, 1], [1, 0, 3, 0, 1, 1], [1, 1, 0, 3, 0, 0], [1, 1, 0, 0, 3, 0], [1, 3, 0, 0, 1, 1], [1, 1, 0, 0, 1, 3], [1, 1, 0, 0, 3, 0], [1, 3, 0, 0, 1, 1], [1, 0, 3, 0, 1, 1], [1, 1, 0, 3, 0, 0], [1, 0, 0, 1, 3, 0], [1, 0, 0, 3, 1, 0], [0, 0, 1, 3, 1, 1], [0, 0, 3, 1, 1, 1], [3, 0, 0, 1, 1, 0], [0, 0, 0, 1, 1, 3], [0, 0, 3, 1, 1, 1], [3, 0, 0, 1, 1, 0], [1, 0, 0, 1, 3, 0], [3, 1, 1, 1, 0, 1], [0, 3, 1, 1, 0, 1], [0, 0, 1, 1, 3, 1], [0, 3, 1, 1, 0, 1], [0, 0, 1, 3, 1, 1], [3, 1, 1, 1, 0, 1], [1, 1, 0, 0, 3, 0], [3, 1, 0, 0, 1, 0], [1, 1, 0, 0, 3, 0], [1, 1, 0, 3, 0, 0], [1, 1, 0, 1, 3, 0], [1, 1, 0, 1, 1, 3], [1, 1, 0, 1, 3, 0], [1, 1, 0, 3, 0, 0], [1, 1, 0, 0, 1, 3], [1, 3, 0, 1, 1, 1], [1, 1, 0, 3, 1, 1], [1, 1, 0, 0, 1, 3], [1, 0, 1, 1, 3, 1], [1, 0, 3, 1, 1, 1], [1, 0, 1, 1, 3, 1], [1, 0, 1, 3, 0, 0], [0, 1, 1, 0, 0, 3], [3, 1, 1, 0, 0, 0], [1, 3, 1, 0, 0, 0], [1, 0, 1, 3, 0, 0], [0, 1, 1, 0, 0, 3], [1, 1, 1, 0, 3, 0], [1, 1, 1, 0, 1, 3], [1, 1, 1, 0, 3, 0], [1, 1, 3, 0, 1, 1], [1, 1, 0, 3, 0, 1], [1, 1, 0, 0, 3, 1], [0, 0, 0, 0, 1, 3], [0, 0, 3, 0, 1, 0], [3, 1, 1, 0, 1, 0], [0, 3, 1, 0, 1, 0], [0, 0, 3, 0, 1, 0], [0, 0, 0, 0, 1, 3], [3, 1, 1, 0, 1, 0], [0, 3, 0, 0, 1, 1], [1, 1, 3, 0, 0, 1], [3, 1, 0, 0, 0, 1], [0, 1, 0, 0, 3, 1], [0, 3, 0, 0, 1, 1], [3, 1, 0, 0, 0, 1], [1, 1, 3, 0, 0, 1], [0, 1, 1, 1, 3, 1], [3, 1, 1, 0, 0, 1], [0, 1, 1, 3, 0, 1], [3, 1, 1, 0, 0, 1], [0, 1, 1, 1, 3, 1], [0, 1, 3, 1, 1, 1], [3, 0, 0, 0, 0, 1], [0, 0, 0, 3, 0, 1], [0, 0, 0, 1, 3, 1], [0, 3, 0, 1, 1, 1], [0, 0, 0, 1, 3, 1], [3, 0, 0, 0, 0, 1], [0, 0, 3, 1, 0, 1], [0, 3, 1, 1, 0, 1], [0, 1, 1, 1, 3, 0], [0, 1, 1, 1, 0, 3], [0, 1, 1, 1, 3, 0], [0, 3, 1, 1, 0, 1], [0, 0, 3, 1, 0, 1], [1, 0, 3, 1, 1, 0], [3, 1, 1, 1, 1, 0], [1, 3, 1, 1, 1, 0], [3, 1, 1, 1, 1, 0], [1, 0, 1, 1, 1, 3], [1, 0, 3, 1, 1, 0], [0, 0, 0, 3, 1, 0], [1, 0, 1, 1, 1, 3], [0, 0, 3, 1, 1, 0], [3, 0, 1, 1, 1, 0], [0, 0, 3, 1, 1, 0], [1, 0, 1, 1, 1, 3], [0, 0, 0, 1, 3, 0], [0, 0, 0, 3, 1, 0]]
========================================
