========================================
      FINAL EXPERIMENTAL STATISTICS      
========================================
Algorithm: ABC   Problem: 6-bit #1
limit: 20   num_neighbors(N): 10
Trials: 100   Iterations: 3000
----------------------------------------
Best Gate Counts per Trial: [240, 236, 238, 238, 238, 236, 236, 238, 240, 236, 236, 240, 238, 236, 240, 240, 234, 236, 238, 236, 236, 236, 236, 236, 236, 238, 234, 234, 240, 238, 238, 236, 232, 236, 236, 234, 240, 238, 236, 234, 234, 240, 240, 234, 240, 236, 238, 236, 236, 240, 238, 238, 234, 234, 242, 240, 238, 236, 234, 232, 236, 232, 238, 236, 238, 234, 238, 240, 232, 240, 238, 238, 238, 240, 236, 232, 232, 236, 240, 236, 238, 234, 234, 234, 232, 240, 240, 236, 236, 238, 240, 240, 240, 234, 236, 228, 236, 236, 238, 232]
Global Minimum Gate Count:  228
Worst Gate Count:           242
Final Result (Gen 3000): 236.66 ± 2.59
Average Time per Experiment: 43.69s
----------------------------------------
Best Circuit Structure:
[[1, 1, 1, 1, 3, 1], [1, 1, 1, 3, 1, 1], [1, 3, 1, 0, 1, 1], [3, 0, 1, 0, 1, 1], [1, 0, 0, 0, 1, 3], [1, 0, 3, 0, 1, 1], [1, 0, 0, 0, 1, 3], [1, 3, 1, 0, 1, 1], [1, 1, 1, 3, 1, 1], [1, 1, 1, 1, 3, 1], [1, 0, 0, 3, 1, 0], [1, 0, 0, 1, 3, 0], [1, 0, 0, 3, 1, 0], [0, 1, 0, 1, 1, 3], [0, 1, 0, 3, 1, 1], [0, 1, 0, 1, 1, 3], [1, 1, 0, 0, 3, 0], [3, 1, 0, 0, 1, 0], [1, 1, 0, 1, 1, 3], [1, 1, 0, 3, 1, 0], [1, 1, 0, 1, 1, 3], [1, 1, 0, 0, 3, 0], [1, 1, 0, 3, 1, 0], [1, 3, 0, 1, 1, 1], [1, 1, 0, 1, 1, 3], [1, 1, 0, 3, 1, 0], [1, 0, 3, 1, 0, 1], [1, 0, 0, 1, 3, 1], [1, 0, 3, 1, 0, 1], [1, 0, 1, 3, 0, 0], [3, 1, 1, 0, 0, 1], [1, 0, 1, 0, 0, 3], [1, 3, 1, 0, 0, 1], [1, 0, 1, 0, 0, 3], [1, 0, 1, 3, 0, 0], [1, 1, 1, 0, 0, 3], [3, 1, 1, 0, 0, 1], [1, 1, 1, 0, 3, 0], [1, 1, 1, 0, 1, 3], [1, 1, 1, 0, 3, 0], [1, 1, 3, 0, 1, 1], [1, 1, 0, 3, 0, 1], [1, 1, 0, 0, 3, 1], [1, 1, 1, 0, 1, 3], [3, 0, 0, 0, 1, 1], [1, 3, 1, 0, 1, 1], [1, 0, 3, 0, 1, 1], [3, 0, 0, 0, 1, 1], [1, 3, 1, 0, 1, 1], [1, 1, 1, 0, 1, 3], [1, 3, 1, 0, 0, 1], [0, 0, 3, 0, 1, 1], [3, 0, 1, 0, 1, 1], [1, 0, 1, 0, 3, 1], [3, 0, 1, 0, 1, 1], [1, 3, 1, 0, 0, 1], [0, 0, 3, 0, 1, 1], [0, 1, 1, 1, 3, 1], [1, 1, 1, 3, 0, 1], [3, 1, 1, 1, 0, 1], [0, 1, 1, 1, 3, 1], [1, 1, 1, 3, 0, 1], [0, 1, 3, 1, 1, 1], [3, 0, 0, 0, 0, 1], [0, 0, 0, 3, 0, 1], [0, 1, 0, 1, 3, 1], [0, 3, 0, 1, 0, 1], [0, 1, 0, 1, 3, 1], [3, 0, 0, 0, 0, 1], [0, 0, 3, 1, 0, 1], [0, 3, 1, 1, 1, 0], [0, 0, 1, 1, 3, 0], [0, 0, 1, 1, 0, 3], [0, 0, 1, 1, 3, 0], [0, 0, 3, 1, 0, 1], [1, 0, 3, 1, 1, 0], [3, 0, 1, 1, 1, 0], [0, 3, 1, 1, 1, 0], [1, 0, 1, 1, 1, 3], [1, 0, 3, 1, 1, 0], [0, 0, 0, 0, 1, 3], [0, 0, 0, 3, 1, 1], [0, 0, 3, 1, 1, 1], [3, 0, 1, 1, 1, 1], [0, 0, 3, 1, 1, 1], [0, 0, 0, 3, 1, 1], [0, 0, 0, 0, 1, 3], [0, 0, 0, 1, 3, 0], [0, 0, 0, 3, 1, 0], [0, 0, 0, 1, 3, 0], [3, 1, 0, 1, 1, 0], [0, 1, 3, 0, 0, 0], [0, 1, 0, 3, 0, 0], [0, 1, 0, 1, 3, 0], [0, 1, 0, 3, 0, 0], [3, 1, 0, 1, 1, 0], [0, 1, 3, 0, 0, 0], [0, 1, 0, 3, 0, 0], [0, 1, 3, 0, 0, 0], [0, 1, 0, 3, 0, 0], [0, 1, 3, 1, 0, 0], [0, 1, 1, 1, 3, 0], [0, 0, 1, 1, 1, 3], [0, 3, 1, 1, 1, 0], [0, 0, 1, 1, 1, 3], [0, 1, 1, 1, 3, 0], [0, 1, 3, 1, 0, 0], [0, 0, 3, 1, 1, 1], [0, 1, 0, 1, 3, 1], [0, 3, 0, 1, 1, 1], [0, 1, 0, 1, 3, 1], [0, 0, 3, 1, 1, 1], [1, 1, 1, 1, 3, 0], [1, 1, 3, 1, 0, 0], [3, 1, 0, 1, 0, 1], [1, 1, 0, 1, 0, 3], [1, 1, 3, 1, 0, 0], [1, 1, 1, 1, 3, 0], [3, 1, 0, 1, 0, 1], [0, 1, 1, 0, 1, 3], [3, 1, 1, 1, 1, 0], [0, 1, 1, 3, 1, 0], [3, 1, 1, 1, 1, 0], [0, 1, 1, 0, 3, 0], [0, 1, 3, 0, 0, 0], [0, 1, 1, 0, 3, 0], [0, 1, 1, 0, 1, 3], [0, 1, 3, 0, 0, 0], [0, 1, 1, 3, 0, 0], [0, 1, 1, 1, 0, 3], [0, 1, 1, 3, 0, 0], [0, 1, 3, 0, 0, 0], [3, 1, 1, 1, 0, 1], [1, 1, 3, 1, 0, 1], [1, 1, 0, 1, 0, 3], [1, 1, 3, 1, 0, 1], [3, 1, 1, 1, 0, 1], [1, 0, 1, 0, 1, 3], [1, 0, 1, 3, 1, 0], [1, 3, 0, 1, 0, 0], [1, 0, 3, 1, 1, 0], [1, 0, 0, 1, 3, 0], [1, 0, 3, 1, 1, 0], [1, 0, 1, 3, 1, 0], [1, 3, 0, 1, 0, 0], [1, 0, 1, 0, 1, 3], [1, 3, 1, 0, 1, 1], [1, 1, 1, 0, 3, 1], [0, 1, 1, 3, 0, 0], [0, 1, 1, 0, 0, 3], [3, 1, 1, 0, 0, 1], [0, 1, 1, 0, 0, 3], [1, 1, 1, 0, 3, 1], [1, 3, 1, 0, 1, 1], [0, 0, 1, 0, 3, 0], [0, 3, 1, 0, 0, 0], [0, 1, 1, 3, 0, 0], [0, 0, 1, 0, 3, 0], [0, 0, 1, 0, 1, 3], [0, 3, 1, 0, 1, 1], [1, 1, 1, 3, 1, 1], [3, 1, 1, 0, 1, 1], [1, 1, 1, 3, 1, 1], [0, 3, 1, 0, 1, 1], [0, 0, 1, 0, 1, 3], [1, 1, 3, 1, 1, 1], [0, 3, 0, 1, 1, 1], [3, 1, 0, 1, 1, 1], [0, 3, 0, 1, 1, 1], [1, 1, 3, 1, 1, 1], [3, 0, 0, 1, 1, 1], [1, 0, 1, 1, 1, 3], [1, 0, 3, 1, 1, 1], [1, 0, 1, 1, 1, 3], [3, 0, 0, 1, 1, 1], [1, 0, 1, 1, 3, 0], [1, 0, 1, 3, 0, 0], [1, 0, 1, 1, 3, 0], [1, 0, 3, 0, 0, 0], [1, 0, 3, 0, 0, 1], [1, 0, 0, 0, 0, 3], [0, 0, 0, 0, 0, 3], [3, 0, 0, 0, 0, 1], [1, 0, 3, 0, 0, 1], [0, 0, 0, 0, 0, 3], [3, 0, 0, 0, 0, 0], [1, 0, 3, 0, 1, 0], [1, 0, 0, 0, 3, 0], [1, 0, 3, 0, 1, 0], [3, 0, 0, 0, 0, 0], [3, 0, 1, 0, 1, 0], [0, 1, 0, 0, 3, 1], [0, 3, 1, 0, 1, 0], [0, 1, 1, 0, 1, 3], [0, 1, 3, 0, 1, 1], [0, 1, 1, 0, 1, 3], [0, 3, 1, 0, 1, 0], [3, 0, 1, 0, 1, 0], [3, 1, 0, 0, 1, 1], [1, 3, 0, 0, 1, 1], [3, 1, 0, 0, 1, 1], [0, 1, 0, 0, 3, 1], [1, 0, 0, 3, 1, 1], [1, 0, 0, 1, 3, 1], [1, 0, 0, 3, 1, 1], [0, 0, 3, 0, 0, 1], [0, 0, 0, 3, 0, 1], [3, 0, 0, 1, 0, 1], [0, 0, 0, 1, 1, 3], [0, 0, 0, 1, 3, 1], [0, 0, 0, 3, 0, 1], [0, 0, 0, 1, 1, 3], [3, 1, 1, 1, 0, 0], [0, 1, 1, 1, 3, 0], [0, 0, 3, 1, 1, 0], [0, 3, 1, 1, 1, 0], [0, 1, 1, 1, 3, 0], [3, 1, 1, 1, 0, 0], [0, 0, 3, 1, 1, 0], [0, 0, 1, 1, 0, 3], [3, 1, 1, 1, 0, 0], [0, 3, 1, 1, 0, 0], [3, 1, 1, 1, 0, 0], [0, 0, 1, 1, 0, 3], [0, 0, 1, 1, 3, 0], [0, 0, 1, 1, 0, 3], [0, 0, 1, 3, 0, 0], [0, 0, 1, 1, 3, 0]]
========================================
