========================================
      FINAL EXPERIMENTAL STATISTICS      
========================================
Algorithm: ABC   Problem: 6-bit #1
limit: 10   num_neighbors(N): 10
Trials: 100   Iterations: 3000
----------------------------------------
Best Gate Counts per Trial: [246, 246, 242, 244, 240, 242, 246, 246, 244, 246, 244, 242, 246, 246, 244, 242, 246, 248, 240, 246, 244, 244, 244, 244, 246, 246, 244, 246, 246, 244, 244, 242, 246, 248, 242, 244, 242, 246, 248, 246, 246, 244, 244, 244, 248, 248, 246, 246, 244, 246, 240, 246, 242, 244, 242, 242, 246, 246, 246, 248, 244, 246, 246, 244, 242, 242, 242, 246, 244, 242, 246, 246, 240, 242, 244, 244, 246, 244, 246, 244, 244, 244, 244, 246, 246, 246, 244, 246, 248, 246, 242, 246, 244, 238, 246, 244, 246, 242, 244, 246]
Global Minimum Gate Count:  238
Worst Gate Count:           248
Final Result (Gen 3000): 244.52 ± 2.03
Average Time per Experiment: 44.00s
----------------------------------------
Best Circuit Structure:
[[1, 0, 0, 1, 3, 0], [1, 0, 0, 3, 1, 0], [1, 0, 0, 1, 3, 0], [0, 0, 1, 0, 3, 1], [0, 0, 3, 0, 0, 1], [0, 0, 0, 0, 0, 3], [3, 0, 0, 1, 0, 0], [0, 0, 0, 3, 0, 0], [3, 0, 0, 1, 0, 0], [0, 0, 0, 0, 0, 3], [0, 0, 3, 0, 0, 1], [1, 1, 1, 3, 0, 1], [3, 0, 1, 0, 0, 1], [1, 3, 1, 0, 0, 1], [3, 0, 1, 0, 0, 1], [0, 0, 1, 0, 3, 1], [1, 1, 1, 3, 0, 1], [0, 1, 0, 0, 1, 3], [0, 1, 0, 3, 1, 0], [0, 1, 0, 0, 1, 3], [0, 3, 1, 0, 1, 0], [0, 1, 1, 0, 3, 0], [0, 1, 1, 3, 0, 0], [0, 1, 1, 0, 3, 0], [1, 1, 1, 3, 1, 1], [0, 1, 1, 0, 1, 3], [3, 1, 1, 0, 1, 1], [0, 1, 1, 0, 1, 3], [0, 3, 1, 0, 1, 0], [1, 1, 1, 3, 1, 1], [0, 0, 3, 1, 1, 1], [3, 1, 1, 1, 1, 1], [0, 3, 1, 1, 1, 1], [0, 0, 3, 1, 1, 1], [3, 1, 1, 1, 1, 1], [0, 0, 0, 1, 1, 3], [1, 0, 3, 1, 1, 0], [3, 0, 0, 1, 1, 0], [0, 0, 0, 1, 1, 3], [1, 0, 3, 1, 1, 0], [1, 0, 1, 3, 0, 0], [1, 0, 1, 1, 3, 0], [1, 0, 1, 3, 0, 0], [1, 0, 1, 0, 0, 3], [1, 0, 3, 0, 0, 0], [0, 0, 3, 0, 0, 0], [1, 0, 1, 0, 0, 3], [3, 0, 1, 0, 0, 0], [0, 0, 3, 0, 0, 0], [1, 0, 1, 0, 0, 3], [0, 0, 3, 0, 0, 0], [3, 0, 1, 0, 0, 0], [1, 0, 1, 0, 3, 0], [3, 0, 1, 0, 0, 0], [0, 0, 3, 0, 0, 0], [0, 3, 0, 0, 0, 1], [1, 0, 1, 0, 3, 0], [1, 0, 1, 0, 0, 3], [0, 0, 3, 0, 0, 1], [3, 0, 1, 0, 0, 1], [0, 0, 3, 0, 0, 1], [1, 0, 1, 0, 0, 3], [1, 0, 1, 0, 3, 0], [0, 0, 0, 0, 3, 1], [3, 0, 0, 0, 1, 1], [0, 0, 0, 0, 3, 1], [0, 3, 0, 0, 0, 1], [1, 0, 0, 0, 3, 1], [1, 0, 0, 3, 0, 1], [1, 0, 0, 0, 3, 1], [0, 0, 3, 0, 0, 1], [3, 0, 0, 1, 0, 1], [0, 0, 0, 3, 0, 1], [3, 0, 0, 1, 0, 1], [0, 0, 0, 1, 3, 0], [0, 0, 0, 1, 0, 3], [0, 0, 0, 3, 0, 1], [0, 0, 0, 1, 0, 3], [0, 0, 0, 1, 3, 0], [1, 1, 3, 1, 0, 0], [3, 0, 0, 1, 1, 0], [1, 3, 0, 1, 1, 0], [1, 1, 0, 1, 3, 0], [1, 1, 3, 1, 0, 0], [1, 3, 0, 1, 1, 0], [3, 0, 0, 1, 1, 0], [3, 0, 1, 1, 0, 1], [1, 3, 1, 1, 0, 0], [1, 0, 1, 1, 0, 3], [3, 0, 1, 1, 0, 1], [1, 3, 1, 1, 0, 0], [0, 0, 1, 1, 1, 3], [0, 0, 1, 1, 3, 1], [0, 0, 1, 1, 1, 3], [0, 0, 1, 3, 1, 0], [0, 0, 1, 0, 3, 0], [0, 0, 1, 3, 1, 0], [1, 1, 0, 1, 3, 0], [0, 3, 1, 0, 0, 0], [1, 1, 0, 3, 0, 0], [3, 1, 1, 0, 0, 0], [1, 1, 3, 0, 0, 0], [3, 1, 1, 0, 0, 0], [0, 3, 1, 0, 0, 0], [1, 1, 0, 3, 0, 0], [1, 1, 3, 1, 0, 0], [0, 1, 1, 3, 0, 0], [3, 1, 1, 1, 0, 0], [0, 1, 1, 3, 0, 0], [1, 1, 3, 1, 0, 0], [1, 1, 0, 1, 3, 0], [0, 1, 0, 3, 0, 0], [0, 1, 3, 0, 0, 0], [0, 1, 0, 3, 0, 0], [0, 1, 0, 1, 0, 3], [0, 1, 0, 1, 3, 1], [0, 0, 3, 1, 1, 1], [0, 3, 0, 1, 1, 1], [0, 1, 0, 1, 3, 1], [0, 1, 0, 1, 0, 3], [0, 0, 3, 1, 1, 1], [0, 1, 0, 1, 3, 1], [0, 1, 3, 1, 1, 1], [0, 3, 1, 1, 1, 1], [3, 1, 1, 1, 1, 0], [0, 1, 1, 1, 1, 3], [0, 1, 3, 1, 1, 1], [0, 1, 0, 1, 3, 1], [0, 1, 1, 3, 1, 1], [0, 1, 1, 1, 1, 3], [3, 1, 1, 1, 1, 0], [0, 1, 1, 3, 1, 1], [0, 1, 3, 0, 1, 1], [0, 1, 0, 0, 0, 3], [0, 1, 0, 0, 3, 1], [0, 1, 0, 0, 0, 3], [0, 1, 3, 0, 1, 1], [0, 1, 3, 0, 0, 0], [0, 1, 1, 3, 0, 0], [0, 1, 1, 1, 0, 3], [0, 1, 1, 3, 0, 0], [0, 1, 3, 0, 0, 0], [3, 1, 1, 1, 0, 1], [1, 1, 3, 1, 0, 1], [1, 1, 0, 1, 0, 3], [1, 1, 3, 1, 0, 1], [3, 1, 1, 1, 0, 1], [1, 1, 0, 1, 0, 3], [1, 3, 0, 1, 0, 1], [1, 0, 3, 1, 0, 1], [1, 0, 1, 0, 3, 1], [1, 0, 1, 3, 0, 1], [1, 0, 1, 0, 3, 1], [1, 0, 3, 1, 0, 1], [1, 3, 0, 1, 0, 1], [1, 1, 0, 1, 0, 3], [1, 1, 1, 0, 0, 3], [3, 1, 1, 0, 0, 1], [1, 1, 1, 0, 3, 1], [1, 1, 1, 0, 0, 3], [1, 1, 3, 0, 1, 1], [1, 1, 0, 3, 0, 1], [1, 1, 0, 0, 3, 1], [1, 3, 1, 1, 0, 0], [1, 1, 1, 1, 0, 3], [1, 1, 3, 0, 0, 1], [1, 1, 1, 3, 0, 1], [1, 1, 1, 1, 0, 3], [1, 3, 1, 1, 0, 0], [1, 1, 3, 0, 0, 1], [0, 3, 0, 0, 1, 1], [3, 1, 1, 0, 0, 1], [0, 1, 1, 0, 3, 1], [0, 1, 3, 0, 1, 1], [0, 1, 1, 0, 3, 1], [3, 1, 1, 0, 0, 1], [0, 3, 0, 0, 1, 1], [3, 1, 1, 0, 0, 1], [0, 1, 1, 1, 3, 1], [0, 1, 1, 3, 0, 1], [0, 1, 1, 1, 3, 1], [3, 1, 1, 0, 0, 1], [0, 1, 3, 1, 1, 1], [3, 1, 0, 1, 1, 1], [1, 1, 0, 3, 1, 1], [1, 1, 0, 0, 3, 1], [1, 3, 0, 0, 0, 1], [1, 1, 0, 0, 3, 1], [1, 1, 0, 3, 1, 1], [3, 1, 0, 1, 1, 1], [3, 0, 0, 0, 0, 1], [0, 0, 0, 3, 0, 1], [3, 0, 0, 0, 0, 1], [0, 1, 3, 1, 1, 0], [0, 1, 0, 1, 1, 3], [0, 3, 0, 1, 0, 1], [0, 1, 0, 1, 3, 1], [0, 1, 0, 1, 1, 3], [0, 3, 0, 1, 0, 1], [0, 3, 0, 1, 1, 0], [3, 0, 0, 1, 1, 0], [0, 3, 0, 1, 1, 0], [0, 1, 3, 1, 1, 0], [1, 0, 3, 1, 1, 0], [1, 0, 1, 1, 1, 3], [1, 0, 3, 1, 1, 0], [0, 0, 0, 3, 1, 0], [3, 0, 0, 1, 1, 0], [1, 0, 3, 1, 1, 1], [1, 0, 0, 1, 1, 3], [3, 0, 0, 1, 1, 0], [1, 0, 3, 1, 1, 1], [0, 0, 0, 1, 3, 0], [0, 0, 0, 3, 1, 0], [0, 3, 0, 1, 0, 0], [0, 1, 3, 1, 0, 0], [3, 1, 1, 1, 0, 0], [1, 1, 1, 1, 3, 0], [1, 1, 1, 3, 1, 0], [1, 1, 1, 1, 3, 0], [3, 1, 1, 1, 0, 0], [0, 1, 3, 1, 0, 0], [0, 3, 0, 1, 0, 0], [1, 1, 0, 0, 3, 0], [3, 1, 0, 0, 1, 0], [1, 1, 0, 0, 3, 0], [1, 1, 0, 1, 1, 3], [1, 1, 0, 3, 1, 0], [1, 1, 0, 0, 3, 0], [1, 1, 0, 1, 1, 3], [1, 0, 0, 1, 1, 3], [1, 3, 0, 1, 1, 0], [1, 1, 0, 3, 1, 0], [1, 3, 0, 1, 1, 0], [1, 0, 0, 1, 1, 3], [1, 0, 1, 1, 3, 1], [1, 0, 3, 1, 1, 1], [1, 0, 1, 1, 3, 1]]
========================================
