========================================
      FINAL EXPERIMENTAL STATISTICS      
========================================
Algorithm: ABC   Problem: 6-bit #1
limit: 120   num_neighbors(N): 10
Trials: 100   Iterations: 3000
----------------------------------------
Best Gate Counts per Trial: [236, 234, 236, 236, 232, 240, 234, 236, 234, 232, 236, 238, 234, 234, 234, 236, 236, 230, 242, 236, 234, 228, 234, 238, 240, 230, 230, 232, 240, 240, 228, 238, 234, 236, 238, 234, 230, 240, 236, 232, 234, 234, 234, 228, 232, 232, 240, 232, 238, 236, 240, 232, 236, 236, 234, 228, 234, 234, 228, 238, 236, 238, 232, 236, 232, 238, 238, 234, 232, 234, 234, 234, 236, 234, 230, 232, 240, 238, 236, 238, 234, 236, 240, 236, 238, 234, 236, 236, 236, 234, 232, 234, 236, 234, 234, 236, 230, 234, 238, 238]
Global Minimum Gate Count:  228
Worst Gate Count:           242
Final Result (Gen 3000): 234.86 ± 3.10
Average Time per Experiment: 42.29s
----------------------------------------
Best Circuit Structure:
[[0, 3, 1, 1, 0, 0], [1, 0, 1, 0, 3, 1], [3, 0, 1, 1, 0, 0], [1, 0, 1, 3, 0, 0], [1, 0, 1, 0, 0, 3], [1, 0, 1, 3, 0, 0], [1, 0, 1, 0, 3, 1], [3, 0, 1, 1, 0, 0], [0, 3, 1, 1, 0, 0], [0, 3, 1, 0, 1, 0], [0, 1, 1, 1, 3, 0], [0, 1, 1, 3, 1, 0], [0, 1, 1, 1, 3, 0], [3, 1, 1, 1, 1, 1], [0, 1, 1, 1, 1, 3], [0, 1, 1, 3, 1, 0], [0, 3, 1, 0, 1, 0], [0, 1, 1, 1, 1, 3], [3, 1, 1, 1, 1, 1], [0, 0, 3, 1, 1, 1], [3, 0, 1, 1, 1, 1], [1, 3, 1, 1, 1, 1], [3, 0, 1, 1, 1, 1], [3, 0, 1, 1, 1, 0], [0, 0, 1, 1, 1, 3], [3, 0, 1, 1, 1, 0], [0, 0, 3, 1, 1, 1], [1, 0, 1, 0, 3, 0], [1, 0, 1, 3, 1, 0], [1, 0, 1, 0, 3, 0], [1, 0, 1, 0, 0, 3], [1, 0, 3, 0, 0, 0], [3, 0, 0, 0, 0, 0], [1, 0, 0, 0, 0, 3], [1, 0, 3, 0, 0, 1], [1, 0, 0, 0, 0, 3], [1, 0, 3, 0, 0, 0], [1, 0, 1, 0, 3, 0], [1, 0, 3, 0, 0, 0], [3, 0, 0, 0, 0, 0], [3, 0, 1, 0, 1, 0], [0, 1, 0, 0, 0, 3], [0, 3, 1, 0, 1, 0], [0, 1, 3, 0, 1, 0], [0, 1, 0, 0, 3, 0], [0, 1, 3, 0, 1, 0], [0, 1, 0, 0, 0, 3], [0, 3, 1, 0, 1, 0], [3, 0, 1, 0, 1, 0], [1, 0, 0, 0, 3, 1], [3, 1, 0, 0, 0, 1], [1, 3, 0, 0, 0, 1], [1, 0, 0, 0, 3, 1], [3, 1, 0, 0, 0, 1], [1, 0, 0, 1, 3, 1], [1, 0, 0, 3, 1, 1], [1, 0, 0, 1, 3, 1], [0, 0, 3, 0, 0, 1], [1, 0, 0, 3, 0, 1], [3, 0, 0, 0, 0, 1], [1, 0, 0, 3, 0, 1], [0, 0, 0, 3, 0, 1], [0, 0, 0, 1, 3, 0], [0, 0, 0, 1, 0, 3], [0, 0, 0, 3, 0, 1], [0, 3, 0, 1, 0, 0], [3, 1, 0, 1, 0, 0], [1, 1, 3, 1, 0, 0], [3, 1, 0, 1, 0, 0], [0, 3, 0, 1, 0, 0], [0, 0, 0, 1, 3, 0], [0, 0, 1, 1, 0, 3], [3, 1, 1, 1, 0, 0], [0, 3, 1, 1, 0, 0], [0, 0, 1, 1, 0, 3], [3, 1, 1, 1, 0, 0], [0, 0, 1, 1, 1, 3], [0, 0, 1, 1, 3, 1], [0, 0, 1, 1, 1, 3], [0, 0, 1, 0, 3, 0], [0, 0, 1, 3, 1, 0], [0, 0, 1, 0, 3, 0], [1, 3, 0, 1, 1, 0], [0, 0, 3, 0, 0, 0], [0, 0, 0, 3, 0, 0], [1, 0, 0, 1, 3, 0], [3, 0, 0, 1, 0, 0], [0, 0, 0, 3, 0, 0], [0, 0, 3, 0, 0, 0], [1, 0, 0, 1, 3, 0], [1, 3, 0, 1, 1, 0], [0, 1, 1, 3, 0, 0], [0, 1, 1, 1, 3, 0], [3, 1, 0, 1, 1, 0], [0, 1, 3, 1, 1, 0], [0, 1, 1, 1, 3, 0], [3, 1, 0, 1, 1, 0], [0, 1, 1, 3, 0, 0], [0, 1, 3, 0, 0, 0], [0, 1, 0, 3, 0, 0], [0, 1, 3, 0, 0, 0], [0, 1, 0, 1, 3, 0], [0, 3, 0, 1, 1, 0], [0, 0, 3, 1, 1, 1], [0, 0, 0, 1, 1, 3], [0, 3, 0, 1, 1, 0], [0, 1, 0, 1, 3, 0], [0, 0, 3, 1, 1, 1], [0, 1, 3, 1, 0, 1], [0, 0, 1, 1, 3, 1], [0, 3, 1, 1, 0, 1], [0, 0, 1, 1, 3, 1], [3, 1, 1, 1, 1, 0], [0, 1, 1, 1, 3, 0], [0, 1, 1, 1, 0, 3], [0, 1, 3, 1, 0, 1], [0, 1, 1, 1, 3, 0], [3, 1, 1, 1, 1, 0], [1, 1, 1, 3, 1, 0], [1, 1, 1, 0, 1, 3], [3, 1, 1, 0, 1, 1], [1, 1, 1, 0, 1, 3], [1, 1, 1, 3, 1, 0], [0, 1, 1, 0, 3, 1], [0, 1, 1, 0, 0, 3], [0, 1, 3, 0, 0, 0], [0, 1, 1, 0, 0, 3], [0, 1, 1, 0, 3, 1], [0, 1, 1, 1, 0, 3], [0, 1, 1, 3, 0, 0], [0, 1, 3, 0, 0, 0], [0, 1, 1, 3, 0, 0], [3, 1, 0, 1, 0, 0], [0, 1, 3, 1, 0, 0], [0, 1, 1, 1, 0, 3], [3, 1, 0, 1, 0, 0], [0, 0, 3, 0, 1, 1], [1, 1, 1, 0, 1, 3], [0, 3, 1, 0, 1, 1], [3, 1, 1, 0, 1, 1], [1, 1, 1, 0, 1, 3], [1, 1, 1, 0, 3, 1], [3, 1, 1, 0, 1, 1], [0, 3, 1, 0, 1, 1], [0, 0, 3, 0, 1, 1], [1, 1, 1, 3, 1, 1], [3, 1, 1, 1, 1, 1], [1, 1, 1, 3, 1, 1], [1, 1, 1, 0, 3, 1], [0, 1, 3, 1, 1, 1], [3, 0, 0, 0, 0, 1], [0, 3, 0, 1, 1, 1], [0, 0, 0, 3, 0, 1], [0, 0, 0, 1, 3, 1], [0, 3, 0, 1, 1, 1], [3, 0, 0, 0, 0, 1], [0, 1, 1, 1, 3, 0], [0, 3, 0, 1, 0, 1], [0, 1, 3, 1, 0, 0], [0, 1, 0, 1, 0, 3], [0, 1, 3, 1, 0, 0], [0, 1, 1, 1, 3, 0], [0, 3, 0, 1, 0, 1], [0, 3, 1, 1, 1, 0], [1, 0, 3, 1, 1, 0], [3, 0, 1, 1, 1, 0], [0, 3, 1, 1, 1, 0], [1, 0, 3, 1, 1, 0], [1, 0, 1, 1, 1, 3], [1, 0, 3, 1, 1, 0], [1, 0, 1, 1, 1, 3], [3, 0, 1, 1, 1, 1], [0, 0, 0, 0, 1, 3], [0, 0, 3, 0, 1, 1], [0, 0, 1, 3, 1, 1], [0, 0, 3, 0, 1, 1], [3, 0, 1, 1, 1, 1], [0, 0, 0, 0, 1, 3], [0, 0, 0, 3, 0, 0], [0, 0, 0, 0, 3, 0], [0, 0, 0, 3, 0, 0], [0, 1, 0, 0, 3, 0], [3, 1, 0, 0, 0, 0], [0, 1, 0, 0, 3, 0], [1, 1, 0, 3, 0, 0], [1, 1, 0, 1, 3, 0], [1, 1, 0, 1, 1, 3], [1, 1, 0, 1, 3, 0], [1, 1, 0, 3, 0, 0], [1, 1, 0, 3, 1, 0], [1, 3, 0, 1, 1, 1], [1, 1, 0, 1, 1, 3], [1, 1, 0, 3, 1, 0], [1, 0, 3, 1, 1, 1], [1, 0, 1, 1, 3, 1], [1, 0, 3, 1, 1, 1], [3, 1, 1, 0, 0, 0], [0, 1, 1, 0, 0, 3], [3, 1, 1, 0, 0, 0], [1, 1, 1, 0, 3, 0], [1, 1, 1, 0, 1, 3], [1, 1, 1, 0, 3, 0], [1, 1, 3, 0, 1, 1], [1, 1, 0, 1, 3, 1], [1, 1, 0, 3, 1, 1], [1, 1, 0, 1, 3, 1], [1, 1, 3, 1, 0, 1], [1, 3, 1, 1, 0, 1], [1, 0, 1, 1, 0, 3], [1, 3, 1, 1, 0, 1], [1, 1, 3, 1, 0, 1], [1, 1, 0, 3, 0, 1], [0, 1, 0, 3, 1, 0], [0, 1, 0, 0, 1, 3], [0, 1, 0, 3, 1, 0], [1, 3, 1, 1, 0, 1], [3, 0, 1, 1, 0, 1], [0, 0, 1, 3, 1, 1], [0, 0, 1, 1, 3, 1], [3, 0, 1, 1, 0, 1], [0, 0, 1, 3, 1, 1], [1, 0, 0, 3, 1, 0], [1, 0, 0, 1, 3, 0], [1, 0, 0, 1, 0, 3], [1, 0, 3, 1, 0, 1], [1, 3, 1, 1, 0, 1], [1, 0, 0, 1, 0, 3], [1, 0, 0, 3, 1, 0]]
========================================
