========================================
      FINAL EXPERIMENTAL STATISTICS      
========================================
Algorithm: ABC   Problem: 6-bit #1
limit: 30   num_neighbors(N): 10
Trials: 100   Iterations: 3000
----------------------------------------
Best Gate Counts per Trial: [234, 230, 236, 238, 228, 234, 228, 236, 230, 230, 238, 234, 234, 234, 232, 236, 236, 228, 230, 228, 234, 238, 238, 234, 232, 232, 234, 236, 236, 234, 236, 234, 234, 236, 232, 232, 230, 236, 236, 234, 234, 230, 234, 234, 232, 236, 232, 234, 238, 232, 234, 232, 234, 234, 234, 234, 228, 232, 232, 230, 234, 230, 232, 230, 232, 240, 234, 228, 228, 232, 238, 238, 238, 236, 232, 234, 228, 230, 234, 232, 238, 238, 234, 236, 234, 232, 234, 228, 236, 234, 234, 234, 238, 232, 234, 238, 236, 232, 232, 230]
Global Minimum Gate Count:  228
Worst Gate Count:           240
Final Result (Gen 3000): 233.46 ± 2.90
Average Time per Experiment: 43.74s
----------------------------------------
Best Circuit Structure:
[[1, 1, 1, 0, 0, 3], [3, 1, 1, 0, 0, 1], [1, 1, 1, 0, 3, 1], [1, 1, 1, 0, 0, 3], [1, 1, 3, 0, 1, 1], [1, 1, 0, 3, 0, 1], [1, 1, 0, 0, 3, 1], [1, 0, 3, 1, 0, 0], [1, 1, 0, 0, 0, 3], [1, 1, 0, 3, 0, 0], [1, 3, 0, 1, 0, 0], [1, 1, 0, 3, 0, 0], [1, 0, 3, 1, 0, 0], [1, 1, 0, 0, 0, 3], [1, 1, 0, 0, 3, 0], [3, 1, 0, 0, 1, 0], [1, 1, 0, 1, 1, 3], [1, 1, 0, 3, 1, 0], [1, 1, 0, 0, 3, 0], [1, 1, 0, 3, 1, 0], [1, 1, 0, 1, 1, 3], [1, 0, 0, 1, 1, 3], [1, 3, 0, 1, 1, 0], [1, 1, 0, 3, 1, 0], [1, 3, 0, 1, 1, 0], [1, 0, 0, 1, 1, 3], [1, 0, 3, 1, 1, 1], [1, 0, 1, 1, 3, 1], [1, 0, 3, 1, 1, 1], [0, 1, 0, 3, 1, 0], [0, 1, 0, 0, 1, 3], [0, 1, 0, 3, 1, 0], [3, 0, 0, 0, 1, 1], [1, 0, 0, 0, 1, 3], [1, 3, 0, 0, 1, 0], [1, 1, 3, 0, 1, 0], [1, 3, 0, 0, 1, 0], [1, 0, 0, 0, 1, 3], [1, 1, 1, 0, 3, 1], [1, 3, 0, 0, 1, 1], [1, 1, 3, 0, 1, 1], [1, 3, 0, 0, 1, 1], [1, 1, 1, 0, 3, 1], [3, 0, 0, 0, 1, 1], [3, 1, 1, 0, 0, 1], [0, 1, 1, 1, 3, 1], [0, 1, 1, 3, 0, 1], [0, 1, 1, 1, 3, 1], [3, 1, 1, 0, 0, 1], [0, 1, 3, 1, 1, 1], [1, 0, 0, 3, 0, 1], [0, 1, 0, 1, 3, 1], [3, 1, 0, 1, 0, 1], [1, 3, 0, 1, 0, 1], [3, 1, 0, 1, 0, 1], [0, 1, 0, 1, 3, 1], [3, 0, 0, 1, 0, 1], [1, 0, 0, 3, 0, 1], [0, 1, 1, 1, 3, 0], [0, 1, 1, 1, 0, 3], [0, 3, 0, 1, 0, 1], [0, 1, 3, 1, 0, 1], [0, 3, 0, 1, 0, 1], [0, 1, 1, 1, 0, 3], [0, 1, 1, 1, 3, 0], [3, 1, 1, 1, 1, 0], [1, 0, 3, 1, 1, 0], [1, 3, 1, 1, 1, 0], [3, 1, 1, 1, 1, 0], [1, 0, 3, 1, 1, 0], [1, 0, 1, 1, 1, 3], [0, 0, 0, 3, 1, 0], [3, 0, 0, 1, 1, 0], [1, 0, 3, 1, 1, 0], [1, 0, 1, 1, 1, 3], [0, 0, 0, 1, 3, 0], [0, 0, 0, 3, 1, 0], [0, 1, 1, 3, 0, 0], [0, 0, 1, 0, 3, 0], [0, 3, 1, 0, 0, 0], [0, 0, 1, 0, 3, 0], [0, 1, 1, 3, 0, 0], [0, 0, 1, 3, 1, 0], [0, 0, 1, 1, 1, 3], [1, 3, 1, 1, 1, 1], [3, 0, 1, 1, 1, 1], [0, 0, 1, 1, 1, 3], [0, 0, 1, 3, 1, 0], [1, 3, 1, 1, 1, 1], [3, 1, 1, 1, 1, 1], [0, 3, 0, 1, 1, 1], [0, 1, 3, 1, 1, 1], [3, 1, 1, 1, 1, 1], [0, 3, 0, 1, 1, 1], [3, 0, 0, 1, 1, 1], [1, 0, 0, 1, 1, 3], [1, 0, 3, 1, 1, 0], [1, 0, 0, 1, 1, 3], [3, 0, 0, 1, 1, 1], [1, 0, 1, 0, 3, 0], [1, 0, 1, 3, 1, 0], [1, 0, 1, 0, 3, 0], [1, 0, 1, 0, 0, 3], [1, 0, 3, 0, 0, 0], [3, 0, 0, 0, 0, 0], [1, 0, 0, 0, 0, 3], [1, 0, 3, 0, 0, 1], [1, 0, 0, 0, 0, 3], [1, 0, 3, 0, 1, 0], [1, 0, 0, 0, 3, 0], [3, 0, 0, 0, 0, 0], [0, 1, 0, 0, 0, 3], [3, 0, 0, 0, 1, 0], [0, 1, 0, 0, 3, 0], [0, 3, 0, 0, 1, 0], [0, 1, 0, 0, 3, 0], [0, 1, 0, 0, 0, 3], [3, 0, 0, 0, 1, 0], [1, 0, 3, 0, 1, 0], [1, 3, 0, 0, 1, 1], [0, 1, 0, 0, 3, 1], [3, 1, 0, 0, 1, 1], [0, 1, 0, 0, 3, 1], [1, 3, 0, 0, 1, 1], [1, 0, 0, 3, 1, 1], [1, 0, 0, 1, 3, 1], [1, 0, 0, 3, 1, 1], [0, 0, 3, 0, 0, 1], [0, 0, 0, 3, 0, 1], [3, 0, 0, 1, 0, 1], [0, 0, 0, 1, 1, 3], [0, 0, 0, 1, 3, 1], [0, 0, 0, 3, 0, 1], [0, 0, 0, 1, 1, 3], [3, 0, 0, 1, 1, 0], [1, 1, 1, 1, 3, 0], [1, 1, 3, 1, 1, 0], [1, 3, 0, 1, 1, 0], [1, 1, 3, 1, 1, 0], [3, 0, 0, 1, 1, 0], [1, 1, 1, 1, 3, 0], [1, 1, 1, 1, 0, 3], [0, 3, 1, 1, 0, 1], [3, 1, 1, 1, 0, 1], [0, 3, 1, 1, 0, 1], [1, 1, 1, 1, 0, 3], [0, 0, 1, 1, 3, 1], [0, 0, 1, 1, 1, 3], [0, 0, 1, 1, 3, 1], [0, 0, 1, 3, 1, 0], [0, 0, 1, 0, 3, 0], [0, 0, 1, 3, 1, 0], [0, 0, 3, 0, 0, 0], [0, 3, 0, 0, 0, 0], [1, 1, 0, 1, 3, 0], [3, 1, 0, 0, 0, 0], [1, 1, 0, 3, 0, 0], [3, 1, 0, 0, 0, 0], [0, 3, 0, 0, 0, 0], [1, 1, 0, 1, 3, 0], [0, 0, 3, 0, 0, 0], [0, 1, 1, 3, 0, 0], [0, 1, 3, 1, 0, 0], [1, 1, 0, 1, 3, 0], [3, 1, 0, 1, 0, 0], [1, 1, 0, 1, 3, 0], [0, 1, 1, 3, 0, 0], [0, 1, 3, 1, 0, 0], [0, 3, 1, 1, 1, 1], [0, 1, 1, 1, 3, 1], [0, 1, 1, 1, 0, 3], [0, 1, 1, 1, 3, 1], [0, 3, 1, 1, 1, 1], [0, 1, 3, 1, 0, 0], [0, 0, 3, 1, 1, 1], [0, 0, 0, 1, 3, 1], [0, 3, 0, 1, 0, 1], [0, 0, 0, 1, 3, 1], [0, 0, 3, 1, 1, 1], [1, 1, 1, 1, 1, 3], [0, 1, 3, 1, 0, 1], [3, 1, 1, 1, 1, 1], [0, 1, 1, 1, 3, 1], [3, 1, 1, 1, 1, 1], [1, 1, 1, 1, 1, 3], [0, 1, 3, 1, 0, 1], [1, 1, 1, 3, 1, 0], [0, 1, 1, 0, 1, 3], [3, 1, 1, 0, 1, 0], [1, 1, 1, 3, 1, 0], [0, 1, 0, 0, 3, 0], [0, 1, 3, 0, 1, 0], [0, 1, 1, 0, 1, 3], [0, 1, 0, 0, 3, 0], [0, 1, 1, 1, 0, 3], [0, 1, 1, 3, 0, 0], [0, 1, 3, 0, 0, 0], [0, 1, 1, 3, 0, 0], [0, 1, 1, 1, 0, 3], [1, 1, 3, 1, 0, 0], [0, 1, 1, 1, 0, 3], [3, 1, 1, 1, 0, 0], [1, 1, 3, 1, 0, 0], [0, 1, 1, 1, 0, 3], [1, 0, 1, 3, 1, 1], [1, 1, 0, 1, 3, 0], [1, 1, 3, 1, 1, 0], [1, 3, 1, 1, 1, 1], [1, 1, 1, 1, 1, 3], [1, 3, 1, 1, 1, 1], [1, 1, 3, 1, 1, 0], [1, 1, 0, 1, 3, 0], [1, 0, 1, 3, 1, 1], [1, 0, 0, 3, 0, 0], [0, 0, 3, 0, 1, 1], [0, 0, 0, 0, 1, 3], [3, 0, 0, 0, 1, 0], [1, 0, 0, 0, 3, 0], [0, 0, 0, 0, 1, 3], [1, 0, 0, 3, 0, 0], [0, 0, 3, 0, 1, 1], [1, 1, 1, 1, 3, 1], [0, 0, 1, 3, 1, 1], [1, 3, 1, 1, 1, 1], [3, 0, 1, 1, 1, 1], [1, 3, 1, 1, 1, 1], [1, 1, 1, 1, 3, 1], [0, 0, 1, 3, 1, 1]]
========================================
