========================================
      FINAL EXPERIMENTAL STATISTICS      
========================================
Algorithm: ABC   Problem: 6-bit #1
limit: 15   num_neighbors(N): 10
Trials: 100   Iterations: 3000
----------------------------------------
Best Gate Counts per Trial: [238, 240, 242, 236, 240, 240, 240, 240, 238, 242, 242, 240, 236, 242, 242, 240, 238, 242, 240, 240, 242, 240, 238, 238, 238, 244, 238, 238, 238, 238, 242, 240, 238, 242, 242, 238, 240, 240, 238, 238, 244, 238, 240, 242, 240, 242, 238, 240, 238, 236, 240, 238, 240, 242, 236, 240, 240, 242, 244, 242, 238, 240, 238, 240, 242, 240, 238, 240, 242, 242, 240, 240, 240, 240, 238, 234, 240, 242, 240, 242, 240, 240, 240, 240, 240, 240, 240, 236, 242, 238, 244, 242, 240, 238, 238, 242, 242, 234, 240, 238]
Global Minimum Gate Count:  234
Worst Gate Count:           244
Final Result (Gen 3000): 239.80 ± 2.03
Average Time per Experiment: 44.00s
----------------------------------------
Best Circuit Structure:
[[0, 3, 0, 0, 1, 1], [1, 1, 3, 0, 1, 0], [3, 1, 0, 0, 1, 1], [1, 1, 0, 0, 1, 3], [3, 1, 0, 0, 1, 1], [1, 1, 3, 0, 1, 0], [0, 3, 0, 0, 1, 1], [3, 1, 1, 0, 0, 1], [0, 1, 1, 0, 3, 1], [0, 3, 1, 0, 1, 1], [0, 0, 3, 0, 1, 1], [0, 3, 1, 0, 1, 1], [0, 1, 1, 0, 3, 1], [0, 1, 1, 1, 3, 1], [0, 1, 1, 3, 0, 1], [3, 1, 1, 0, 0, 1], [0, 1, 1, 1, 3, 1], [0, 1, 3, 1, 1, 1], [0, 1, 0, 3, 1, 1], [3, 0, 0, 0, 0, 1], [0, 3, 0, 0, 0, 1], [0, 1, 0, 0, 3, 1], [0, 3, 0, 0, 0, 1], [0, 1, 0, 3, 1, 1], [0, 0, 0, 3, 0, 1], [3, 0, 0, 0, 0, 1], [0, 1, 3, 1, 1, 0], [0, 3, 0, 1, 0, 1], [0, 1, 0, 1, 0, 3], [0, 1, 0, 1, 3, 0], [0, 1, 0, 1, 0, 3], [0, 3, 0, 1, 0, 1], [0, 1, 3, 1, 1, 0], [3, 1, 1, 1, 1, 0], [1, 0, 3, 1, 1, 0], [1, 3, 1, 1, 1, 0], [3, 1, 1, 1, 1, 0], [1, 0, 3, 1, 1, 0], [1, 0, 1, 1, 1, 3], [1, 0, 3, 1, 1, 0], [0, 0, 0, 3, 1, 0], [3, 0, 1, 1, 1, 0], [0, 0, 3, 1, 1, 0], [3, 0, 1, 1, 1, 0], [1, 0, 1, 1, 1, 3], [0, 0, 0, 1, 3, 0], [0, 0, 0, 3, 1, 0], [1, 3, 1, 1, 0, 1], [1, 0, 1, 1, 3, 1], [3, 0, 1, 0, 1, 1], [1, 0, 1, 3, 1, 1], [1, 0, 1, 1, 3, 1], [1, 3, 1, 1, 0, 1], [3, 0, 1, 0, 1, 1], [1, 0, 0, 0, 3, 0], [1, 0, 0, 3, 0, 0], [1, 0, 3, 1, 0, 0], [1, 3, 1, 1, 0, 1], [1, 0, 1, 1, 0, 3], [1, 0, 3, 1, 0, 0], [1, 3, 1, 1, 0, 1], [1, 0, 0, 0, 3, 0], [1, 1, 0, 0, 3, 0], [3, 1, 0, 0, 1, 0], [1, 1, 0, 3, 1, 1], [1, 1, 0, 0, 1, 3], [1, 1, 0, 0, 3, 0], [1, 1, 0, 3, 1, 1], [1, 1, 0, 3, 1, 0], [1, 3, 0, 1, 1, 1], [1, 1, 0, 1, 1, 3], [1, 1, 0, 3, 1, 0], [1, 0, 1, 1, 3, 1], [1, 0, 3, 1, 1, 1], [1, 0, 1, 1, 3, 1], [1, 3, 1, 1, 0, 0], [3, 1, 1, 0, 0, 1], [1, 1, 1, 0, 0, 3], [1, 1, 1, 3, 0, 0], [1, 3, 1, 1, 0, 0], [3, 1, 1, 0, 0, 1], [1, 1, 1, 0, 3, 1], [1, 1, 1, 0, 0, 3], [1, 1, 1, 0, 3, 1], [1, 1, 3, 0, 1, 1], [1, 1, 0, 3, 0, 1], [1, 1, 0, 0, 3, 1], [0, 1, 0, 3, 1, 1], [0, 1, 0, 1, 1, 3], [0, 1, 0, 3, 1, 1], [0, 1, 3, 0, 0, 0], [1, 1, 0, 1, 3, 0], [1, 1, 0, 3, 0, 0], [3, 1, 0, 0, 0, 0], [1, 1, 0, 3, 0, 0], [1, 1, 0, 1, 3, 0], [0, 1, 0, 3, 0, 0], [0, 1, 3, 0, 0, 0], [0, 0, 1, 1, 1, 3], [0, 3, 0, 1, 0, 0], [0, 0, 3, 1, 0, 0], [0, 0, 1, 1, 3, 0], [0, 0, 1, 1, 1, 3], [0, 0, 3, 1, 0, 0], [0, 3, 0, 1, 0, 0], [0, 0, 3, 1, 1, 1], [0, 0, 0, 1, 3, 1], [0, 3, 0, 1, 0, 1], [0, 0, 0, 1, 3, 1], [0, 0, 3, 1, 1, 1], [1, 1, 1, 1, 1, 3], [3, 1, 0, 1, 0, 1], [1, 1, 3, 1, 0, 1], [1, 1, 1, 1, 3, 1], [1, 1, 3, 1, 0, 1], [1, 1, 1, 1, 1, 3], [3, 1, 0, 1, 0, 1], [0, 1, 1, 3, 1, 1], [1, 1, 1, 1, 1, 3], [3, 1, 1, 1, 1, 1], [0, 1, 1, 3, 1, 1], [1, 1, 1, 1, 1, 3], [0, 1, 1, 0, 3, 1], [0, 1, 0, 0, 0, 3], [0, 1, 3, 0, 0, 1], [0, 1, 1, 0, 3, 1], [0, 1, 3, 0, 0, 1], [0, 1, 1, 3, 0, 1], [0, 1, 3, 0, 0, 1], [0, 1, 0, 0, 0, 3], [1, 1, 0, 1, 0, 3], [3, 1, 1, 1, 0, 1], [1, 1, 3, 1, 0, 1], [3, 1, 1, 1, 0, 1], [1, 1, 0, 1, 0, 3], [1, 3, 0, 1, 0, 0], [1, 0, 0, 1, 3, 0], [1, 0, 3, 0, 1, 1], [1, 0, 0, 3, 1, 0], [1, 0, 0, 0, 1, 3], [1, 0, 0, 3, 1, 0], [1, 0, 0, 1, 3, 0], [1, 3, 0, 1, 0, 0], [1, 0, 3, 0, 1, 1], [3, 0, 1, 0, 1, 1], [0, 3, 1, 1, 0, 0], [0, 0, 1, 1, 0, 3], [0, 0, 1, 3, 0, 1], [0, 0, 1, 0, 3, 1], [3, 0, 1, 0, 1, 1], [0, 0, 1, 3, 0, 1], [0, 0, 1, 1, 0, 3], [0, 3, 1, 1, 0, 0], [0, 0, 1, 3, 1, 0], [0, 3, 1, 1, 1, 0], [0, 1, 1, 1, 3, 0], [0, 3, 1, 1, 1, 0], [0, 0, 1, 3, 1, 0], [1, 1, 1, 1, 1, 3], [0, 0, 1, 3, 1, 0], [1, 3, 1, 1, 1, 0], [3, 0, 1, 1, 1, 0], [1, 3, 1, 1, 1, 0], [1, 1, 1, 1, 1, 3], [0, 0, 1, 3, 1, 0], [0, 3, 0, 1, 1, 1], [1, 1, 3, 1, 1, 1], [3, 1, 0, 1, 1, 1], [1, 1, 3, 1, 1, 1], [0, 3, 0, 1, 1, 1], [3, 0, 0, 1, 1, 1], [1, 0, 1, 1, 1, 3], [1, 0, 3, 1, 1, 1], [3, 0, 0, 1, 1, 1], [1, 0, 1, 1, 1, 3], [1, 0, 1, 0, 3, 0], [1, 0, 1, 3, 1, 0], [1, 0, 1, 0, 3, 0], [1, 0, 1, 0, 0, 3], [1, 0, 3, 0, 0, 0], [3, 0, 1, 0, 0, 1], [0, 0, 3, 0, 0, 1], [0, 0, 0, 0, 0, 3], [0, 0, 3, 0, 0, 1], [3, 0, 1, 0, 0, 1], [1, 0, 1, 0, 3, 0], [3, 0, 1, 0, 0, 0], [0, 0, 3, 0, 0, 0], [3, 0, 1, 0, 0, 0], [1, 0, 1, 0, 3, 0], [0, 1, 0, 0, 0, 3], [1, 0, 1, 0, 3, 0], [3, 0, 1, 0, 0, 0], [0, 1, 3, 0, 0, 0], [0, 3, 1, 0, 0, 0], [3, 0, 1, 0, 0, 0], [0, 1, 3, 0, 0, 0], [1, 0, 1, 0, 3, 0], [0, 1, 0, 0, 0, 3], [3, 1, 0, 0, 0, 1], [1, 0, 0, 0, 3, 1], [1, 3, 0, 0, 0, 1], [3, 1, 0, 0, 0, 1], [1, 0, 0, 3, 0, 1], [1, 0, 0, 0, 3, 1], [0, 0, 1, 3, 0, 1], [3, 0, 0, 1, 0, 1], [0, 0, 3, 1, 0, 1], [3, 0, 0, 1, 0, 1], [0, 0, 1, 3, 0, 1], [0, 0, 3, 0, 0, 1], [0, 0, 0, 1, 3, 0], [0, 0, 0, 3, 0, 1], [0, 0, 0, 1, 0, 3], [0, 0, 0, 3, 0, 1], [0, 0, 0, 1, 3, 0], [1, 1, 1, 1, 3, 0], [3, 1, 1, 1, 1, 0], [0, 3, 0, 1, 1, 0], [0, 1, 3, 1, 1, 0], [0, 3, 0, 1, 1, 0], [3, 1, 1, 1, 1, 0], [1, 1, 1, 1, 3, 0], [0, 0, 1, 1, 0, 3], [3, 1, 1, 1, 0, 0], [0, 3, 1, 1, 0, 0], [0, 0, 1, 1, 0, 3], [3, 1, 1, 1, 0, 0], [0, 0, 1, 1, 0, 3], [0, 0, 1, 1, 3, 0], [0, 0, 1, 1, 0, 3], [0, 0, 1, 3, 1, 0], [0, 0, 1, 0, 3, 0], [0, 0, 1, 3, 1, 0]]
========================================
