========================================
      FINAL EXPERIMENTAL STATISTICS      
========================================
Algorithm: WOA   Problem: 6-bit #1
b: 0.4   num_neighbors(N): 10
Trials: 100   Iterations: 3000
----------------------------------------
Best Gate Counts per Trial: [220, 222, 232, 214, 224, 224, 220, 212, 216, 216, 212, 210, 224, 222, 220, 210, 222, 226, 230, 224, 218, 224, 212, 224, 218, 216, 218, 210, 222, 218, 224, 208, 224, 222, 222, 218, 206, 218, 210, 212, 228, 224, 222, 214, 218, 224, 218, 214, 228, 222, 214, 212, 222, 224, 220, 222, 216, 218, 216, 210, 206, 216, 210, 218, 226, 222, 224, 212, 212, 224, 230, 220, 214, 224, 214, 222, 210, 222, 214, 224, 218, 224, 212, 222, 218, 226, 220, 230, 210, 212, 224, 216, 226, 220, 222, 214, 218, 222, 200, 218]
Global Minimum Gate Count:  200
Worst Gate Count:           232
Final Result (Gen 3000): 218.66 ± 6.03
Average Time per Experiment: 44.40s
----------------------------------------
Best Circuit Structure:
[[0, 1, 1, 3, 0, 0], [1, 1, 0, 1, 3, 0], [0, 1, 3, 1, 0, 0], [3, 1, 0, 1, 0, 0], [1, 1, 0, 1, 3, 0], [0, 1, 1, 3, 0, 0], [0, 0, 1, 1, 3, 1], [0, 0, 3, 1, 0, 1], [0, 3, 0, 1, 0, 0], [0, 0, 0, 1, 0, 3], [0, 3, 0, 1, 0, 0], [0, 3, 0, 1, 0, 1], [0, 0, 3, 1, 0, 1], [0, 0, 1, 1, 3, 1], [1, 1, 1, 1, 1, 3], [0, 1, 0, 1, 3, 1], [1, 1, 3, 1, 1, 1], [3, 1, 0, 1, 1, 1], [0, 1, 0, 1, 3, 1], [1, 1, 3, 1, 1, 1], [1, 1, 1, 3, 1, 1], [3, 1, 1, 0, 1, 1], [1, 1, 1, 3, 1, 1], [1, 1, 1, 1, 1, 3], [0, 1, 3, 0, 0, 0], [0, 1, 1, 0, 3, 1], [0, 1, 1, 0, 0, 3], [0, 1, 3, 0, 0, 0], [0, 1, 1, 0, 3, 1], [0, 1, 3, 1, 0, 1], [0, 1, 0, 1, 0, 3], [0, 1, 0, 3, 0, 0], [3, 1, 0, 1, 0, 0], [0, 1, 0, 1, 0, 3], [0, 1, 3, 1, 0, 1], [1, 0, 1, 3, 1, 1], [1, 1, 0, 1, 0, 3], [1, 0, 1, 1, 3, 1], [1, 3, 0, 1, 0, 1], [1, 0, 3, 1, 0, 1], [1, 0, 1, 1, 3, 1], [1, 0, 1, 3, 1, 1], [1, 3, 0, 1, 0, 1], [1, 1, 0, 1, 0, 3], [0, 1, 1, 1, 3, 0], [0, 3, 1, 1, 1, 0], [0, 0, 1, 3, 1, 0], [0, 0, 1, 0, 1, 3], [3, 0, 1, 0, 1, 1], [0, 0, 1, 0, 1, 3], [0, 3, 1, 1, 1, 0], [0, 1, 1, 1, 3, 0], [1, 1, 1, 1, 1, 3], [3, 0, 1, 0, 1, 0], [1, 0, 1, 3, 1, 0], [1, 3, 1, 1, 1, 0], [1, 1, 1, 1, 1, 3], [1, 0, 1, 3, 1, 0], [3, 0, 1, 0, 1, 0], [3, 0, 0, 1, 1, 1], [1, 3, 1, 1, 1, 1], [1, 0, 3, 1, 1, 1], [1, 3, 1, 1, 1, 1], [1, 0, 0, 1, 1, 3], [1, 0, 3, 1, 1, 0], [1, 0, 0, 1, 1, 3], [3, 0, 0, 1, 1, 1], [1, 0, 1, 0, 3, 0], [1, 0, 1, 3, 1, 0], [1, 0, 1, 0, 3, 0], [1, 0, 3, 0, 0, 0], [1, 0, 1, 0, 0, 3], [3, 0, 0, 0, 0, 0], [1, 0, 3, 0, 0, 0], [1, 0, 1, 0, 0, 3], [1, 0, 1, 0, 3, 0], [1, 0, 3, 0, 0, 0], [3, 0, 0, 0, 0, 0], [0, 3, 0, 0, 0, 1], [3, 0, 0, 0, 0, 1], [1, 0, 0, 0, 0, 3], [1, 0, 3, 0, 0, 0], [1, 0, 1, 0, 3, 0], [1, 0, 0, 0, 3, 1], [3, 0, 0, 0, 0, 1], [0, 3, 0, 0, 0, 1], [1, 0, 0, 3, 0, 1], [1, 0, 0, 0, 3, 1], [0, 0, 3, 0, 0, 1], [3, 0, 0, 0, 0, 1], [1, 0, 0, 3, 0, 1], [0, 0, 0, 0, 3, 1], [0, 0, 0, 0, 1, 3], [0, 0, 0, 3, 1, 0], [0, 0, 0, 0, 1, 3], [0, 0, 0, 0, 3, 1], [3, 0, 0, 1, 1, 0], [1, 1, 1, 1, 3, 0], [1, 1, 3, 1, 1, 0], [1, 3, 0, 1, 1, 0], [3, 0, 0, 1, 1, 0], [1, 1, 3, 1, 1, 0], [1, 1, 1, 1, 3, 0], [3, 1, 1, 1, 0, 0], [0, 0, 1, 1, 0, 3], [0, 3, 1, 1, 0, 0], [3, 1, 1, 1, 0, 0], [0, 0, 1, 1, 3, 0], [0, 0, 1, 1, 0, 3], [0, 0, 1, 3, 1, 0], [0, 0, 1, 0, 3, 0], [0, 0, 1, 3, 1, 0], [0, 3, 0, 0, 1, 1], [3, 1, 1, 0, 1, 0], [0, 1, 3, 0, 1, 0], [0, 1, 0, 0, 1, 3], [0, 1, 3, 0, 1, 0], [0, 3, 0, 0, 1, 1], [3, 1, 1, 0, 1, 0], [0, 0, 3, 0, 1, 1], [1, 1, 1, 0, 3, 1], [1, 3, 1, 0, 1, 1], [3, 0, 1, 0, 1, 1], [1, 3, 1, 0, 1, 1], [0, 0, 3, 0, 1, 1], [3, 1, 1, 0, 1, 1], [0, 1, 1, 3, 1, 1], [3, 1, 1, 0, 1, 1], [1, 1, 1, 0, 3, 1], [0, 1, 3, 1, 1, 1], [0, 1, 0, 1, 3, 1], [3, 1, 0, 1, 0, 1], [1, 0, 0, 3, 0, 1], [1, 3, 0, 1, 0, 1], [3, 1, 0, 1, 0, 1], [0, 1, 0, 1, 3, 1], [3, 0, 0, 1, 0, 1], [1, 0, 0, 3, 0, 1], [0, 0, 3, 1, 0, 1], [0, 1, 1, 1, 1, 3], [0, 3, 1, 1, 0, 1], [0, 1, 1, 1, 3, 1], [0, 3, 1, 1, 0, 1], [0, 1, 1, 1, 1, 3], [0, 0, 3, 1, 0, 1], [1, 0, 3, 1, 1, 0], [0, 3, 1, 1, 1, 0], [3, 0, 1, 1, 1, 0], [1, 0, 3, 1, 1, 0], [0, 3, 1, 1, 1, 0], [1, 0, 1, 1, 1, 3], [0, 0, 0, 3, 1, 0], [3, 0, 0, 1, 1, 0], [1, 0, 3, 1, 1, 0], [1, 0, 1, 1, 1, 3], [0, 0, 0, 1, 3, 0], [0, 0, 0, 3, 1, 0], [1, 0, 0, 1, 3, 0], [3, 0, 1, 0, 1, 1], [1, 0, 1, 0, 1, 3], [1, 0, 3, 0, 1, 0], [1, 0, 0, 3, 1, 0], [1, 0, 1, 0, 1, 3], [1, 0, 0, 1, 3, 0], [1, 3, 1, 1, 0, 1], [1, 0, 1, 3, 1, 1], [1, 0, 1, 1, 3, 1], [1, 0, 1, 3, 1, 1], [3, 0, 1, 0, 1, 1], [1, 3, 1, 1, 0, 1], [1, 1, 0, 0, 3, 0], [3, 1, 0, 0, 1, 0], [1, 1, 0, 0, 1, 3], [1, 1, 0, 3, 1, 1], [1, 1, 0, 0, 1, 3], [1, 1, 0, 0, 3, 0], [1, 1, 0, 3, 1, 0], [1, 3, 0, 1, 1, 1], [1, 1, 0, 1, 1, 3], [1, 1, 0, 3, 1, 0], [1, 0, 3, 1, 1, 1], [1, 0, 1, 1, 3, 1], [1, 0, 3, 1, 1, 1], [1, 1, 1, 0, 0, 3], [3, 1, 1, 0, 0, 1], [1, 1, 1, 0, 3, 1], [1, 1, 1, 0, 0, 3], [1, 1, 3, 0, 1, 1], [1, 1, 0, 3, 1, 1], [1, 1, 0, 1, 3, 1], [1, 1, 0, 3, 1, 1], [1, 0, 3, 1, 0, 0], [1, 0, 0, 1, 0, 3], [1, 3, 0, 1, 0, 1], [1, 1, 0, 3, 0, 1], [1, 0, 0, 1, 0, 3], [1, 0, 3, 1, 0, 0], [0, 1, 0, 3, 1, 0], [0, 1, 0, 0, 1, 3], [0, 1, 0, 3, 1, 0]]
========================================
