========================================
      FINAL EXPERIMENTAL STATISTICS      
========================================
Algorithm: WOA   Problem: 6-bit #1
b: 0.35   num_neighbors(N): 10
Trials: 100   Iterations: 3000
----------------------------------------
Best Gate Counts per Trial: [220, 226, 220, 218, 224, 218, 218, 216, 208, 210, 206, 224, 226, 222, 220, 228, 218, 220, 212, 222, 212, 216, 220, 232, 222, 226, 216, 216, 212, 214, 224, 224, 222, 224, 220, 210, 222, 226, 222, 210, 222, 212, 216, 224, 208, 218, 218, 212, 216, 218, 222, 218, 220, 220, 218, 230, 218, 214, 206, 208, 214, 226, 214, 216, 228, 222, 214, 218, 224, 224, 214, 216, 214, 210, 228, 210, 220, 216, 226, 226, 208, 218, 220, 216, 220, 210, 214, 214, 220, 218, 228, 224, 220, 220, 226, 220, 228, 222, 222, 214]
Global Minimum Gate Count:  206
Worst Gate Count:           232
Final Result (Gen 3000): 218.66 ± 5.76
Average Time per Experiment: 44.24s
----------------------------------------
Best Circuit Structure:
[[0, 1, 1, 3, 1, 1], [3, 1, 1, 1, 1, 0], [0, 1, 1, 1, 1, 3], [3, 1, 1, 1, 1, 0], [0, 1, 1, 3, 1, 1], [0, 1, 0, 0, 0, 3], [0, 1, 0, 0, 3, 1], [0, 1, 3, 0, 1, 1], [0, 1, 0, 0, 3, 1], [0, 1, 0, 0, 0, 3], [0, 1, 1, 1, 0, 3], [0, 1, 3, 1, 0, 0], [0, 1, 0, 3, 0, 0], [3, 1, 0, 1, 0, 0], [0, 1, 3, 1, 0, 0], [0, 1, 1, 1, 0, 3], [1, 0, 1, 0, 3, 1], [1, 1, 0, 1, 0, 3], [1, 1, 3, 1, 0, 1], [1, 3, 1, 1, 0, 1], [1, 0, 1, 3, 0, 1], [1, 3, 1, 1, 0, 1], [1, 1, 3, 1, 0, 1], [1, 1, 0, 1, 0, 3], [0, 1, 1, 3, 0, 0], [3, 0, 1, 0, 0, 1], [0, 3, 1, 0, 0, 0], [0, 0, 1, 0, 0, 3], [3, 0, 1, 0, 0, 1], [1, 0, 1, 0, 3, 1], [0, 0, 1, 0, 3, 0], [0, 3, 1, 0, 0, 0], [0, 1, 1, 3, 0, 0], [3, 1, 1, 1, 1, 1], [0, 0, 1, 3, 1, 0], [0, 3, 1, 1, 1, 1], [0, 0, 1, 1, 1, 3], [0, 3, 1, 1, 1, 1], [3, 1, 1, 1, 1, 1], [0, 0, 1, 3, 1, 0], [3, 0, 0, 1, 1, 1], [1, 3, 1, 1, 1, 1], [1, 0, 3, 1, 1, 1], [1, 3, 1, 1, 1, 1], [1, 0, 3, 1, 1, 0], [1, 0, 0, 1, 1, 3], [3, 0, 0, 1, 1, 1], [1, 0, 3, 1, 1, 0], [1, 0, 1, 0, 3, 0], [1, 0, 1, 3, 1, 0], [1, 0, 1, 0, 3, 0], [1, 0, 3, 0, 0, 0], [1, 0, 1, 0, 0, 3], [1, 0, 3, 0, 0, 0], [3, 0, 0, 0, 0, 0], [1, 0, 3, 0, 0, 0], [1, 0, 1, 0, 0, 3], [1, 0, 0, 0, 3, 0], [1, 0, 3, 0, 1, 0], [1, 0, 0, 0, 3, 0], [3, 0, 0, 0, 0, 0], [1, 0, 1, 0, 1, 3], [3, 1, 0, 0, 0, 1], [1, 1, 3, 0, 0, 1], [1, 1, 1, 0, 3, 1], [1, 3, 1, 0, 1, 1], [1, 0, 1, 0, 1, 3], [1, 1, 1, 0, 3, 1], [1, 1, 3, 0, 0, 1], [1, 0, 0, 0, 3, 1], [1, 3, 0, 0, 0, 1], [1, 0, 0, 0, 3, 1], [3, 1, 0, 0, 0, 1], [1, 0, 0, 3, 1, 1], [1, 0, 0, 1, 3, 1], [1, 0, 0, 3, 1, 1], [0, 0, 3, 0, 0, 1], [0, 0, 0, 3, 0, 1], [3, 0, 0, 1, 0, 1], [0, 0, 0, 1, 3, 0], [0, 0, 0, 1, 0, 3], [0, 0, 0, 3, 0, 1], [1, 3, 1, 1, 0, 0], [3, 0, 1, 1, 0, 0], [0, 0, 3, 1, 0, 0], [0, 0, 0, 1, 3, 0], [3, 0, 1, 1, 0, 0], [0, 0, 1, 1, 0, 3], [3, 0, 1, 1, 0, 0], [1, 3, 1, 1, 0, 0], [0, 0, 1, 1, 3, 0], [0, 0, 1, 1, 0, 3], [0, 0, 1, 3, 0, 0], [0, 0, 1, 1, 3, 0], [0, 0, 1, 3, 0, 0], [1, 1, 3, 1, 1, 0], [1, 1, 1, 1, 3, 0], [3, 1, 1, 1, 0, 0], [0, 1, 1, 3, 0, 0], [0, 3, 1, 0, 0, 0], [3, 1, 1, 1, 0, 0], [1, 1, 1, 1, 3, 0], [1, 1, 3, 1, 1, 0], [0, 1, 0, 3, 0, 0], [0, 1, 3, 0, 0, 0], [0, 1, 0, 3, 0, 0], [0, 1, 0, 1, 3, 0], [0, 0, 3, 1, 1, 1], [0, 1, 0, 1, 1, 3], [0, 3, 0, 1, 1, 1], [0, 1, 0, 1, 1, 3], [0, 1, 0, 1, 3, 0], [0, 1, 0, 1, 3, 1], [0, 3, 0, 1, 1, 1], [0, 1, 0, 1, 3, 1], [0, 0, 3, 1, 1, 1], [1, 0, 1, 3, 0, 0], [0, 1, 1, 0, 0, 3], [3, 1, 1, 0, 0, 0], [1, 3, 1, 0, 0, 0], [1, 0, 1, 3, 0, 0], [0, 1, 1, 0, 0, 3], [1, 1, 1, 0, 0, 3], [1, 1, 1, 0, 3, 1], [1, 1, 1, 0, 0, 3], [1, 1, 3, 0, 1, 1], [1, 1, 0, 3, 0, 1], [1, 1, 0, 0, 3, 1], [0, 0, 0, 3, 0, 1], [3, 0, 0, 0, 0, 1], [0, 0, 0, 3, 0, 1], [0, 0, 3, 1, 0, 1], [0, 3, 1, 1, 1, 0], [0, 0, 1, 1, 1, 3], [0, 0, 1, 1, 3, 1], [0, 0, 1, 1, 1, 3], [0, 3, 1, 1, 1, 0], [0, 0, 3, 1, 0, 1], [1, 0, 3, 1, 1, 0], [0, 3, 1, 1, 1, 0], [3, 0, 1, 1, 1, 0], [0, 3, 1, 1, 1, 0], [1, 0, 3, 1, 1, 0], [1, 0, 3, 1, 1, 1], [0, 0, 0, 3, 1, 0], [3, 0, 0, 1, 1, 0], [1, 0, 0, 1, 1, 3], [0, 0, 0, 3, 1, 0], [1, 0, 3, 1, 1, 1], [0, 0, 0, 3, 0, 0], [0, 0, 0, 0, 3, 0], [3, 1, 1, 0, 1, 0], [0, 3, 0, 0, 0, 0], [0, 1, 1, 0, 3, 0], [0, 1, 3, 0, 0, 0], [0, 3, 0, 0, 0, 0], [0, 0, 0, 3, 0, 0], [0, 1, 1, 0, 3, 0], [0, 3, 0, 0, 1, 1], [0, 1, 0, 0, 1, 3], [0, 1, 3, 0, 1, 0], [0, 1, 0, 0, 1, 3], [3, 1, 1, 0, 1, 0], [1, 1, 1, 0, 3, 1], [1, 1, 3, 0, 1, 1], [3, 1, 0, 0, 1, 1], [0, 3, 0, 0, 1, 1], [1, 1, 3, 0, 1, 1], [0, 1, 1, 3, 1, 1], [3, 1, 1, 0, 1, 1], [0, 1, 1, 3, 1, 1], [1, 1, 1, 0, 3, 1], [0, 1, 3, 1, 1, 1], [0, 1, 0, 3, 1, 1], [0, 1, 0, 1, 1, 3], [0, 1, 0, 3, 1, 1], [1, 1, 0, 0, 3, 0], [3, 1, 0, 0, 1, 0], [1, 1, 0, 3, 1, 0], [1, 1, 0, 1, 1, 3], [1, 1, 0, 3, 1, 0], [1, 1, 0, 0, 3, 0], [1, 1, 0, 3, 1, 0], [1, 1, 0, 1, 1, 3], [1, 0, 0, 1, 1, 3], [1, 3, 0, 1, 1, 0], [1, 1, 0, 3, 1, 0], [1, 0, 0, 1, 1, 3], [1, 0, 3, 1, 0, 1], [1, 0, 0, 1, 3, 1], [1, 0, 3, 1, 0, 1], [1, 1, 1, 1, 3, 1], [1, 3, 1, 1, 1, 1], [3, 0, 1, 1, 1, 1], [0, 0, 1, 3, 1, 1], [3, 0, 1, 1, 1, 1], [1, 0, 0, 0, 1, 3], [1, 0, 0, 3, 1, 1], [1, 0, 3, 1, 1, 1], [1, 0, 0, 3, 1, 1], [1, 3, 1, 1, 1, 1], [1, 0, 0, 0, 1, 3], [1, 1, 1, 1, 3, 1], [1, 0, 0, 1, 3, 0], [1, 0, 0, 3, 1, 0], [1, 0, 0, 1, 3, 0]]
========================================
