========================================
      FINAL EXPERIMENTAL STATISTICS      
========================================
Algorithm: WOA   Problem: 6-bit #1
b: 0.25   num_neighbors(N): 10
Trials: 100   Iterations: 3000
----------------------------------------
Best Gate Counts per Trial: [214, 216, 210, 222, 214, 226, 222, 222, 216, 220, 208, 218, 226, 220, 224, 212, 220, 206, 228, 226, 200, 222, 220, 210, 234, 230, 214, 214, 228, 212, 220, 212, 222, 214, 228, 226, 216, 224, 230, 210, 216, 212, 214, 220, 220, 228, 206, 214, 220, 206, 226, 226, 228, 214, 212, 224, 214, 208, 224, 224, 220, 216, 224, 214, 224, 212, 224, 214, 220, 214, 206, 212, 216, 208, 218, 214, 224, 212, 228, 200, 216, 232, 228, 218, 210, 214, 214, 218, 222, 218, 216, 222, 226, 230, 224, 224, 218, 228, 210, 224]
Global Minimum Gate Count:  200
Worst Gate Count:           234
Final Result (Gen 3000): 218.44 ± 7.14
Average Time per Experiment: 44.45s
----------------------------------------
Best Circuit Structure:
[[1, 1, 0, 0, 3, 0], [3, 1, 0, 0, 1, 0], [1, 1, 0, 3, 1, 0], [1, 1, 0, 1, 1, 3], [1, 1, 0, 3, 1, 0], [1, 1, 0, 0, 3, 0], [1, 1, 0, 0, 1, 3], [1, 1, 0, 3, 1, 1], [1, 0, 0, 3, 1, 1], [1, 3, 0, 0, 1, 1], [1, 1, 0, 0, 1, 3], [1, 0, 0, 3, 1, 1], [1, 0, 3, 1, 0, 1], [1, 0, 0, 1, 3, 1], [1, 0, 3, 1, 0, 1], [0, 3, 1, 0, 0, 1], [1, 0, 1, 3, 0, 0], [1, 0, 1, 0, 0, 3], [3, 0, 1, 0, 0, 1], [0, 3, 1, 0, 0, 1], [1, 0, 1, 0, 0, 3], [1, 0, 1, 3, 0, 0], [1, 1, 1, 0, 0, 3], [3, 1, 1, 0, 0, 1], [1, 1, 1, 0, 3, 1], [1, 1, 1, 0, 0, 3], [1, 1, 3, 0, 1, 1], [1, 1, 0, 3, 0, 1], [1, 1, 0, 0, 3, 1], [3, 1, 1, 1, 0, 1], [0, 3, 1, 1, 0, 1], [0, 0, 1, 3, 1, 1], [0, 0, 1, 1, 3, 1], [0, 3, 1, 1, 0, 1], [3, 1, 1, 1, 0, 1], [0, 0, 1, 3, 1, 1], [1, 1, 3, 1, 0, 1], [1, 0, 0, 0, 3, 0], [1, 0, 0, 3, 0, 0], [1, 3, 0, 1, 0, 0], [1, 1, 0, 1, 0, 3], [1, 1, 3, 1, 0, 1], [1, 3, 0, 1, 0, 0], [1, 0, 0, 0, 3, 0], [0, 1, 0, 0, 1, 3], [0, 1, 0, 3, 1, 0], [0, 1, 0, 0, 1, 3], [0, 0, 0, 3, 0, 1], [3, 0, 0, 0, 0, 1], [0, 0, 0, 3, 0, 1], [0, 3, 1, 1, 1, 0], [0, 0, 0, 1, 3, 1], [0, 0, 3, 1, 1, 1], [0, 0, 1, 1, 1, 3], [0, 3, 1, 1, 1, 0], [0, 0, 3, 1, 1, 1], [0, 0, 0, 1, 3, 1], [3, 1, 1, 1, 1, 0], [1, 0, 3, 1, 1, 0], [1, 3, 1, 1, 1, 0], [3, 1, 1, 1, 1, 0], [1, 0, 1, 1, 1, 3], [1, 0, 3, 1, 1, 0], [0, 0, 0, 0, 1, 3], [0, 0, 0, 3, 1, 1], [1, 0, 3, 1, 1, 1], [3, 0, 0, 1, 1, 1], [0, 0, 0, 3, 1, 1], [0, 0, 0, 0, 1, 3], [1, 0, 3, 1, 1, 1], [0, 0, 0, 3, 0, 0], [1, 3, 1, 0, 1, 0], [3, 0, 1, 0, 1, 0], [0, 0, 3, 0, 1, 0], [0, 0, 0, 0, 3, 0], [0, 0, 0, 3, 0, 0], [0, 0, 3, 0, 1, 1], [0, 0, 1, 0, 1, 3], [3, 0, 1, 0, 1, 0], [1, 3, 1, 0, 1, 0], [3, 1, 1, 0, 0, 1], [0, 0, 1, 0, 3, 1], [0, 3, 1, 0, 0, 1], [0, 0, 1, 0, 3, 1], [0, 0, 3, 0, 1, 1], [0, 1, 1, 1, 3, 1], [0, 1, 1, 3, 0, 1], [0, 1, 1, 1, 3, 1], [3, 1, 1, 0, 0, 1], [0, 1, 3, 1, 1, 1], [1, 0, 0, 0, 3, 1], [1, 3, 0, 0, 0, 1], [3, 1, 0, 0, 0, 1], [1, 3, 0, 0, 0, 1], [1, 0, 0, 3, 0, 1], [1, 0, 0, 0, 3, 1], [0, 0, 3, 0, 0, 1], [3, 0, 0, 0, 0, 1], [1, 0, 0, 3, 0, 1], [3, 0, 0, 0, 0, 1], [0, 0, 0, 1, 3, 0], [0, 0, 0, 1, 0, 3], [0, 0, 0, 3, 0, 1], [0, 0, 0, 1, 0, 3], [3, 1, 1, 1, 0, 0], [0, 1, 3, 1, 0, 0], [0, 3, 0, 1, 0, 0], [0, 0, 0, 1, 3, 0], [0, 1, 3, 1, 0, 0], [0, 0, 1, 1, 0, 3], [0, 3, 1, 1, 0, 0], [3, 1, 1, 1, 0, 0], [0, 0, 1, 1, 3, 0], [0, 0, 1, 1, 0, 3], [0, 0, 1, 0, 3, 0], [1, 1, 3, 1, 1, 0], [1, 3, 1, 1, 1, 0], [3, 0, 1, 1, 1, 0], [0, 0, 1, 3, 1, 0], [1, 3, 1, 1, 1, 0], [1, 1, 3, 1, 1, 0], [0, 0, 1, 0, 3, 0], [3, 1, 0, 1, 1, 0], [0, 1, 1, 3, 0, 0], [0, 1, 3, 1, 0, 0], [0, 1, 0, 1, 3, 0], [3, 1, 0, 1, 1, 0], [0, 1, 1, 3, 0, 0], [0, 0, 3, 1, 1, 1], [0, 1, 0, 1, 3, 0], [0, 3, 0, 1, 1, 1], [0, 1, 0, 1, 1, 3], [0, 1, 0, 1, 3, 0], [0, 1, 0, 1, 3, 1], [0, 3, 0, 1, 1, 1], [0, 0, 3, 1, 1, 1], [1, 1, 1, 1, 3, 0], [0, 1, 3, 1, 0, 1], [3, 1, 1, 1, 0, 0], [0, 1, 1, 1, 0, 3], [3, 1, 1, 1, 0, 0], [1, 1, 1, 1, 3, 0], [0, 1, 3, 1, 0, 1], [3, 1, 1, 1, 1, 0], [0, 1, 1, 0, 1, 3], [0, 1, 1, 3, 1, 0], [3, 1, 1, 1, 1, 0], [0, 1, 3, 0, 0, 0], [0, 1, 1, 0, 3, 0], [0, 1, 1, 0, 1, 3], [0, 1, 1, 1, 0, 3], [0, 1, 1, 3, 0, 0], [0, 1, 3, 0, 0, 0], [3, 1, 1, 1, 0, 0], [1, 1, 3, 1, 0, 0], [3, 1, 1, 1, 0, 0], [0, 1, 1, 1, 0, 3], [1, 0, 1, 0, 3, 1], [1, 0, 3, 0, 0, 1], [1, 0, 0, 0, 0, 3], [1, 3, 0, 1, 0, 0], [1, 0, 0, 3, 0, 0], [1, 0, 0, 0, 0, 3], [1, 0, 3, 0, 0, 1], [1, 3, 0, 1, 0, 0], [0, 1, 1, 3, 0, 0], [0, 3, 1, 0, 0, 0], [1, 0, 1, 0, 0, 3], [3, 0, 1, 0, 0, 0], [0, 3, 1, 0, 0, 0], [1, 0, 1, 0, 0, 3], [1, 0, 1, 0, 3, 1], [0, 3, 1, 0, 1, 0], [0, 1, 1, 0, 3, 0], [0, 1, 1, 3, 0, 0], [3, 1, 1, 1, 1, 1], [0, 1, 1, 3, 1, 0], [0, 1, 1, 1, 1, 3], [0, 1, 1, 3, 1, 0], [0, 3, 1, 0, 1, 0], [0, 0, 3, 1, 1, 1], [0, 3, 1, 1, 1, 1], [3, 1, 1, 1, 1, 1], [1, 0, 1, 1, 1, 3], [3, 0, 1, 1, 1, 1], [1, 0, 1, 1, 1, 3], [0, 0, 3, 1, 1, 1], [1, 0, 1, 3, 0, 0], [1, 0, 1, 1, 3, 0], [1, 0, 1, 3, 0, 0], [1, 0, 1, 0, 0, 3], [1, 0, 3, 0, 0, 0], [3, 0, 0, 0, 0, 0], [1, 0, 0, 0, 0, 3], [1, 0, 3, 0, 0, 1], [1, 0, 0, 0, 0, 3], [1, 0, 3, 0, 1, 0], [1, 0, 0, 0, 3, 0], [3, 0, 0, 0, 0, 0], [1, 0, 3, 0, 1, 0]]
========================================
