========================================
      FINAL EXPERIMENTAL STATISTICS      
========================================
Algorithm: WOA   Problem: 6-bit #1
b: 0.1   num_neighbors(N): 10
Trials: 100   Iterations: 3000
----------------------------------------
Best Gate Counts per Trial: [234, 228, 236, 226, 228, 230, 234, 220, 230, 228, 238, 246, 244, 232, 228, 226, 224, 234, 226, 232, 224, 240, 234, 230, 228, 232, 228, 234, 232, 234, 222, 240, 228, 236, 220, 218, 224, 230, 242, 230, 228, 236, 244, 220, 220, 228, 228, 234, 236, 238, 234, 224, 204, 234, 220, 232, 230, 234, 230, 236, 238, 228, 226, 222, 230, 234, 226, 234, 238, 230, 248, 244, 236, 222, 228, 228, 234, 228, 242, 216, 220, 240, 210, 230, 232, 224, 218, 232, 242, 220, 238, 226, 228, 216, 222, 220, 230, 238, 234, 236]
Global Minimum Gate Count:  204
Worst Gate Count:           248
Final Result (Gen 3000): 230.08 ± 7.70
Average Time per Experiment: 45.29s
----------------------------------------
Best Circuit Structure:
[[0, 3, 0, 0, 1, 1], [1, 1, 1, 0, 1, 3], [3, 1, 0, 0, 1, 1], [1, 1, 3, 0, 1, 1], [1, 1, 1, 0, 1, 3], [1, 1, 1, 0, 3, 1], [1, 1, 3, 0, 1, 1], [3, 1, 0, 0, 1, 1], [0, 3, 0, 0, 1, 1], [0, 1, 1, 3, 1, 1], [3, 1, 1, 0, 1, 1], [1, 1, 1, 0, 3, 1], [0, 1, 1, 3, 1, 1], [0, 1, 3, 1, 1, 1], [0, 3, 0, 1, 1, 1], [3, 0, 0, 0, 0, 1], [0, 0, 0, 3, 1, 1], [0, 0, 0, 0, 3, 1], [0, 0, 0, 3, 1, 1], [0, 3, 0, 1, 1, 1], [0, 0, 0, 3, 0, 1], [3, 0, 0, 0, 0, 1], [0, 3, 1, 1, 1, 0], [0, 0, 1, 1, 1, 3], [0, 0, 3, 1, 1, 1], [0, 0, 0, 1, 3, 1], [0, 0, 3, 1, 1, 1], [0, 0, 1, 1, 1, 3], [1, 0, 3, 1, 1, 0], [3, 0, 1, 1, 1, 0], [0, 3, 1, 1, 1, 0], [1, 0, 1, 1, 1, 3], [1, 0, 3, 1, 1, 0], [0, 0, 0, 3, 1, 0], [0, 0, 3, 1, 1, 0], [3, 0, 1, 1, 1, 0], [1, 0, 1, 1, 1, 3], [3, 0, 1, 1, 1, 0], [0, 0, 3, 1, 1, 0], [0, 0, 0, 1, 3, 0], [0, 0, 0, 3, 1, 0], [1, 3, 1, 1, 0, 1], [0, 0, 1, 0, 3, 1], [1, 0, 1, 3, 0, 1], [3, 0, 1, 0, 0, 1], [1, 0, 1, 3, 0, 1], [0, 0, 1, 0, 3, 1], [1, 0, 0, 0, 3, 0], [1, 0, 0, 0, 0, 3], [1, 0, 1, 3, 0, 1], [1, 0, 3, 0, 0, 1], [1, 0, 1, 3, 0, 1], [1, 0, 0, 0, 0, 3], [1, 3, 1, 1, 0, 1], [1, 0, 0, 3, 0, 0], [1, 0, 0, 0, 3, 0], [3, 1, 0, 0, 1, 0], [1, 1, 0, 0, 3, 0], [3, 1, 0, 0, 1, 0], [1, 1, 0, 1, 3, 1], [1, 1, 0, 3, 0, 1], [1, 1, 0, 0, 0, 3], [1, 1, 0, 3, 0, 1], [1, 1, 0, 1, 3, 1], [1, 1, 0, 0, 1, 3], [1, 3, 0, 1, 1, 1], [1, 1, 0, 3, 1, 1], [1, 1, 0, 0, 1, 3], [1, 0, 1, 1, 3, 1], [1, 0, 3, 1, 1, 1], [1, 0, 1, 1, 3, 1], [1, 0, 0, 0, 3, 1], [1, 0, 0, 3, 0, 1], [1, 0, 0, 0, 3, 1], [0, 0, 3, 0, 0, 1], [0, 0, 0, 3, 0, 1], [3, 0, 0, 1, 0, 1], [0, 0, 0, 1, 0, 3], [0, 0, 0, 1, 3, 0], [0, 0, 0, 1, 0, 3], [0, 0, 0, 3, 0, 1], [3, 1, 1, 1, 0, 0], [0, 3, 1, 1, 0, 0], [0, 0, 3, 1, 0, 0], [0, 0, 0, 1, 3, 0], [0, 0, 3, 1, 0, 0], [0, 0, 1, 1, 0, 3], [0, 3, 1, 1, 0, 0], [3, 1, 1, 1, 0, 0], [0, 0, 1, 1, 1, 3], [0, 0, 1, 1, 3, 1], [0, 0, 1, 1, 1, 3], [0, 0, 1, 0, 3, 0], [0, 0, 1, 3, 1, 0], [3, 1, 0, 1, 1, 0], [0, 1, 0, 3, 1, 0], [0, 3, 0, 0, 1, 0], [0, 0, 3, 0, 1, 0], [0, 0, 1, 0, 3, 0], [0, 3, 0, 0, 1, 0], [0, 1, 3, 0, 0, 0], [0, 1, 0, 0, 3, 0], [0, 1, 0, 3, 1, 0], [3, 1, 0, 1, 1, 0], [0, 1, 0, 3, 0, 0], [0, 1, 3, 0, 0, 0], [0, 0, 1, 1, 3, 1], [0, 0, 3, 1, 0, 1], [0, 1, 0, 1, 0, 3], [0, 3, 0, 1, 0, 1], [0, 1, 0, 1, 0, 3], [0, 0, 3, 1, 0, 1], [0, 1, 3, 1, 0, 1], [0, 3, 1, 1, 0, 1], [0, 0, 1, 1, 3, 1], [3, 1, 1, 1, 1, 0], [0, 1, 1, 1, 1, 3], [0, 1, 1, 1, 3, 1], [0, 1, 3, 1, 0, 1], [0, 1, 1, 3, 1, 1], [0, 1, 1, 1, 1, 3], [3, 1, 1, 1, 1, 0], [0, 1, 3, 0, 0, 0], [0, 1, 1, 0, 0, 3], [0, 1, 1, 0, 3, 1], [0, 1, 1, 3, 0, 1], [0, 1, 1, 0, 0, 3], [0, 1, 3, 0, 0, 0], [1, 1, 0, 1, 0, 3], [3, 1, 0, 1, 0, 1], [0, 1, 3, 1, 0, 1], [3, 1, 0, 1, 0, 1], [1, 1, 0, 1, 3, 1], [1, 0, 1, 3, 1, 1], [1, 0, 3, 1, 1, 1], [1, 3, 0, 1, 1, 1], [1, 1, 0, 1, 3, 1], [1, 0, 3, 1, 1, 1], [1, 1, 0, 1, 0, 3], [1, 0, 1, 1, 1, 3], [0, 3, 1, 1, 0, 0], [3, 0, 1, 1, 0, 0], [1, 0, 1, 1, 3, 0], [1, 0, 1, 1, 1, 3], [3, 0, 1, 1, 0, 0], [1, 0, 1, 3, 1, 1], [0, 3, 1, 1, 0, 0], [0, 0, 1, 3, 1, 0], [0, 3, 1, 1, 1, 0], [0, 1, 1, 1, 3, 0], [3, 1, 1, 1, 1, 1], [0, 1, 1, 1, 1, 3], [0, 3, 1, 1, 1, 0], [0, 0, 1, 3, 1, 0], [0, 3, 1, 1, 1, 1], [0, 0, 3, 1, 1, 1], [0, 3, 1, 1, 1, 1], [3, 1, 1, 1, 1, 1], [1, 0, 1, 1, 1, 3], [0, 0, 3, 1, 1, 1], [3, 0, 1, 1, 1, 1], [0, 0, 3, 1, 1, 1], [1, 0, 1, 1, 1, 3], [1, 0, 1, 3, 0, 0], [1, 0, 1, 1, 3, 0], [1, 0, 1, 3, 0, 0], [1, 0, 1, 0, 0, 3], [1, 0, 3, 0, 0, 0], [3, 0, 0, 0, 0, 0], [1, 0, 3, 0, 0, 0], [1, 0, 1, 0, 0, 3], [1, 0, 1, 0, 3, 0], [1, 0, 3, 0, 0, 0], [3, 0, 0, 0, 0, 0], [0, 1, 3, 0, 0, 1], [1, 0, 1, 0, 3, 0], [3, 0, 1, 0, 0, 0], [0, 0, 1, 0, 0, 3], [0, 3, 1, 0, 0, 1], [0, 0, 1, 0, 0, 3], [3, 0, 1, 0, 0, 0], [1, 0, 1, 0, 3, 0], [0, 1, 3, 0, 0, 1], [0, 1, 0, 0, 1, 3], [0, 1, 0, 3, 1, 0], [0, 1, 0, 0, 1, 3], [1, 1, 1, 0, 3, 0], [1, 1, 1, 0, 1, 3], [1, 1, 1, 0, 3, 0], [1, 1, 3, 0, 1, 1], [1, 1, 0, 3, 0, 1], [1, 1, 0, 0, 3, 1], [1, 0, 1, 1, 0, 3], [1, 1, 3, 0, 0, 1], [1, 1, 1, 3, 0, 1], [1, 3, 1, 1, 0, 1], [1, 1, 1, 3, 0, 1], [1, 1, 3, 0, 0, 1], [0, 1, 1, 3, 0, 1], [3, 0, 1, 1, 0, 1], [0, 3, 1, 1, 0, 1], [3, 0, 1, 1, 0, 1], [1, 0, 1, 1, 0, 3], [0, 1, 1, 3, 0, 1]]
========================================
