========================================
      FINAL EXPERIMENTAL STATISTICS      
========================================
Algorithm: WOA   Problem: 6-bit #1
b: 0.2   num_neighbors(N): 10
Trials: 100   Iterations: 3000
----------------------------------------
Best Gate Counts per Trial: [216, 218, 220, 222, 224, 226, 218, 230, 216, 222, 226, 220, 224, 224, 214, 230, 228, 218, 220, 214, 222, 228, 226, 206, 224, 232, 230, 212, 220, 226, 218, 220, 222, 226, 216, 222, 236, 228, 210, 222, 222, 232, 228, 236, 228, 216, 218, 230, 226, 218, 230, 222, 220, 218, 202, 226, 210, 218, 226, 218, 224, 226, 226, 212, 220, 222, 220, 218, 224, 214, 220, 218, 218, 232, 214, 214, 210, 226, 222, 212, 216, 222, 216, 214, 222, 226, 230, 212, 222, 208, 230, 222, 216, 224, 220, 224, 222, 228, 220, 214]
Global Minimum Gate Count:  202
Worst Gate Count:           236
Final Result (Gen 3000): 221.20 ± 6.43
Average Time per Experiment: 44.51s
----------------------------------------
Best Circuit Structure:
[[0, 0, 3, 0, 1, 1], [0, 3, 1, 0, 1, 1], [0, 1, 1, 0, 1, 3], [3, 1, 1, 0, 1, 0], [0, 1, 1, 0, 1, 3], [1, 1, 1, 0, 3, 1], [3, 1, 1, 0, 1, 1], [0, 3, 1, 0, 1, 1], [0, 0, 3, 0, 1, 1], [0, 1, 1, 3, 1, 1], [3, 1, 1, 0, 1, 1], [1, 1, 1, 0, 3, 1], [0, 1, 1, 3, 1, 1], [0, 1, 3, 1, 1, 1], [0, 1, 0, 1, 3, 1], [3, 0, 0, 0, 0, 1], [0, 0, 0, 3, 0, 1], [0, 3, 0, 1, 0, 1], [0, 1, 0, 1, 3, 1], [3, 0, 0, 0, 0, 1], [0, 3, 0, 1, 0, 1], [0, 1, 0, 1, 3, 1], [0, 1, 3, 1, 1, 0], [0, 1, 0, 1, 1, 3], [0, 1, 0, 1, 3, 1], [0, 3, 0, 1, 0, 1], [0, 3, 0, 1, 1, 0], [3, 0, 0, 1, 1, 0], [0, 3, 0, 1, 1, 0], [0, 1, 3, 1, 1, 0], [1, 0, 3, 1, 1, 1], [0, 0, 0, 3, 1, 0], [3, 0, 0, 1, 1, 0], [1, 0, 0, 1, 1, 3], [1, 0, 3, 1, 1, 1], [0, 0, 0, 1, 3, 0], [0, 0, 0, 3, 1, 0], [3, 1, 1, 0, 0, 1], [1, 1, 1, 0, 0, 3], [3, 1, 1, 0, 0, 1], [1, 1, 1, 0, 3, 0], [1, 1, 1, 0, 1, 3], [1, 1, 1, 0, 3, 0], [1, 1, 3, 0, 1, 1], [1, 1, 0, 3, 0, 1], [1, 1, 0, 0, 3, 1], [1, 1, 0, 0, 0, 3], [1, 0, 1, 3, 0, 0], [1, 1, 3, 0, 0, 0], [1, 3, 1, 0, 0, 0], [1, 1, 3, 0, 0, 0], [1, 1, 0, 0, 0, 3], [1, 0, 1, 3, 0, 0], [0, 1, 0, 3, 1, 0], [0, 1, 0, 0, 1, 3], [0, 1, 0, 3, 1, 0], [1, 0, 0, 0, 3, 1], [3, 1, 0, 0, 0, 1], [1, 3, 0, 0, 0, 1], [3, 1, 0, 0, 0, 1], [1, 0, 0, 3, 0, 1], [1, 0, 0, 0, 3, 1], [0, 0, 3, 0, 0, 1], [0, 0, 0, 3, 0, 1], [3, 0, 0, 1, 0, 1], [0, 0, 0, 1, 3, 1], [0, 0, 0, 1, 1, 3], [0, 0, 0, 1, 3, 1], [0, 0, 0, 3, 0, 1], [3, 1, 1, 1, 0, 0], [0, 3, 0, 1, 1, 0], [0, 1, 3, 1, 1, 0], [0, 1, 1, 1, 3, 0], [0, 1, 3, 1, 1, 0], [0, 3, 0, 1, 1, 0], [0, 1, 1, 1, 0, 3], [0, 3, 1, 1, 0, 1], [0, 1, 1, 1, 0, 3], [3, 1, 1, 1, 0, 0], [0, 0, 1, 1, 1, 3], [0, 0, 1, 1, 3, 1], [0, 0, 1, 1, 1, 3], [0, 0, 1, 3, 0, 0], [3, 1, 0, 1, 1, 0], [0, 1, 3, 1, 1, 0], [0, 3, 1, 1, 1, 0], [0, 1, 3, 1, 1, 0], [0, 0, 1, 1, 3, 0], [0, 0, 1, 3, 0, 0], [3, 1, 0, 1, 1, 0], [0, 1, 3, 0, 0, 0], [0, 1, 0, 0, 3, 0], [1, 1, 0, 3, 1, 0], [3, 1, 0, 0, 1, 0], [1, 1, 0, 3, 1, 0], [0, 1, 0, 0, 3, 0], [0, 1, 0, 3, 0, 0], [0, 1, 3, 0, 0, 0], [0, 3, 0, 1, 0, 0], [0, 0, 1, 1, 1, 3], [0, 0, 1, 1, 3, 0], [0, 0, 3, 1, 0, 0], [0, 0, 1, 1, 3, 0], [0, 0, 1, 1, 1, 3], [0, 3, 0, 1, 0, 0], [0, 3, 1, 1, 1, 1], [0, 1, 0, 1, 3, 1], [0, 1, 3, 1, 1, 1], [0, 1, 0, 1, 3, 1], [0, 3, 1, 1, 1, 1], [1, 1, 1, 1, 3, 0], [0, 1, 0, 1, 0, 3], [0, 1, 3, 1, 0, 0], [3, 1, 1, 1, 0, 0], [0, 1, 3, 1, 0, 0], [1, 1, 1, 1, 3, 0], [0, 1, 0, 1, 0, 3], [0, 1, 1, 0, 1, 3], [3, 1, 1, 1, 1, 0], [0, 1, 1, 3, 1, 0], [3, 1, 1, 1, 1, 0], [0, 1, 3, 0, 1, 0], [0, 1, 0, 0, 3, 0], [0, 1, 3, 0, 1, 0], [0, 1, 1, 0, 1, 3], [0, 1, 3, 1, 0, 1], [0, 1, 0, 3, 0, 0], [0, 1, 0, 1, 0, 3], [0, 1, 0, 3, 0, 0], [3, 1, 0, 1, 0, 0], [0, 1, 0, 1, 0, 3], [3, 1, 0, 1, 0, 0], [0, 1, 3, 1, 0, 1], [1, 3, 1, 0, 1, 1], [1, 1, 1, 3, 1, 1], [1, 1, 1, 1, 1, 3], [1, 1, 3, 1, 0, 0], [1, 1, 1, 1, 3, 0], [1, 1, 3, 1, 0, 0], [1, 1, 1, 1, 1, 3], [0, 1, 1, 1, 0, 3], [3, 1, 1, 1, 1, 1], [0, 1, 1, 1, 3, 1], [3, 1, 1, 1, 1, 1], [1, 1, 1, 3, 1, 1], [0, 1, 1, 1, 0, 3], [1, 3, 1, 0, 1, 1], [0, 1, 1, 3, 0, 0], [0, 3, 1, 0, 1, 0], [0, 1, 1, 0, 3, 0], [0, 1, 1, 3, 0, 0], [0, 1, 1, 3, 1, 0], [1, 1, 1, 1, 1, 3], [3, 1, 1, 1, 1, 0], [0, 1, 1, 3, 1, 0], [1, 1, 1, 1, 1, 3], [0, 3, 1, 0, 1, 0], [0, 0, 3, 1, 1, 1], [3, 0, 1, 1, 1, 1], [1, 3, 1, 1, 1, 1], [1, 0, 1, 1, 1, 3], [3, 0, 1, 1, 1, 1], [0, 0, 3, 1, 1, 1], [1, 0, 1, 3, 1, 0], [1, 0, 1, 0, 3, 0], [1, 0, 1, 3, 1, 0], [1, 0, 1, 0, 0, 3], [1, 0, 3, 0, 0, 0], [0, 0, 3, 0, 0, 0], [3, 0, 1, 0, 0, 0], [1, 0, 1, 0, 0, 3], [1, 0, 1, 0, 3, 0], [3, 0, 1, 0, 0, 0], [0, 0, 3, 0, 0, 0], [1, 0, 0, 1, 3, 0], [3, 0, 1, 0, 1, 1], [1, 0, 0, 0, 1, 3], [1, 0, 3, 0, 1, 1], [1, 0, 0, 0, 1, 3], [1, 0, 0, 3, 1, 0], [1, 0, 0, 1, 3, 0], [1, 3, 1, 0, 1, 1], [1, 1, 1, 1, 3, 1], [1, 1, 1, 3, 1, 1], [1, 3, 1, 0, 1, 1], [1, 1, 1, 1, 3, 1], [3, 0, 1, 0, 1, 1], [3, 1, 0, 0, 1, 0], [1, 1, 0, 0, 3, 0], [3, 1, 0, 0, 1, 0], [1, 1, 0, 3, 1, 1], [1, 1, 0, 0, 1, 3], [1, 1, 0, 0, 3, 0], [1, 1, 0, 3, 1, 1], [1, 3, 0, 0, 1, 0], [1, 0, 0, 0, 1, 3], [1, 0, 0, 3, 1, 1], [1, 0, 0, 0, 1, 3], [1, 3, 0, 0, 1, 0], [1, 0, 3, 1, 1, 1], [1, 0, 1, 1, 3, 1], [1, 0, 3, 1, 1, 1]]
========================================
