========================================
      FINAL EXPERIMENTAL STATISTICS      
========================================
Algorithm: WOA   Problem: 6-bit #1
b: 0.05   num_neighbors(N): 10
Trials: 100   Iterations: 3000
----------------------------------------
Best Gate Counts per Trial: [238, 250, 250, 238, 252, 248, 236, 250, 230, 236, 244, 250, 240, 234, 234, 244, 234, 242, 230, 234, 250, 228, 234, 228, 248, 240, 236, 246, 238, 236, 230, 230, 246, 236, 242, 228, 242, 242, 242, 230, 246, 248, 222, 224, 232, 256, 236, 226, 232, 232, 236, 226, 242, 222, 234, 228, 234, 228, 238, 244, 242, 244, 246, 234, 224, 234, 242, 242, 240, 240, 238, 234, 232, 240, 234, 236, 236, 236, 242, 246, 230, 240, 222, 240, 232, 244, 228, 222, 228, 236, 234, 242, 230, 248, 236, 226, 242, 242, 242, 248]
Global Minimum Gate Count:  222
Worst Gate Count:           256
Final Result (Gen 3000): 237.26 ± 7.65
Average Time per Experiment: 44.16s
----------------------------------------
Best Circuit Structure:
[[1, 0, 0, 3, 0, 0], [1, 0, 3, 0, 1, 0], [0, 0, 1, 0, 1, 3], [3, 0, 1, 0, 1, 0], [1, 0, 3, 0, 1, 0], [0, 0, 1, 0, 1, 3], [1, 0, 0, 0, 3, 0], [1, 0, 0, 3, 0, 0], [3, 0, 1, 0, 1, 1], [1, 1, 1, 1, 3, 1], [1, 1, 1, 3, 1, 1], [1, 3, 1, 0, 1, 1], [1, 1, 1, 3, 1, 1], [1, 1, 1, 1, 3, 1], [3, 0, 1, 0, 1, 1], [3, 1, 0, 0, 1, 0], [1, 1, 0, 0, 3, 0], [3, 1, 0, 0, 1, 0], [1, 1, 0, 3, 1, 1], [1, 1, 0, 0, 1, 3], [1, 1, 0, 0, 3, 0], [1, 1, 0, 3, 1, 1], [1, 3, 0, 0, 1, 0], [1, 0, 0, 1, 1, 3], [1, 0, 0, 3, 1, 0], [1, 0, 0, 1, 1, 3], [1, 3, 0, 0, 1, 0], [1, 0, 3, 1, 0, 1], [1, 0, 0, 1, 3, 1], [1, 0, 3, 1, 0, 1], [0, 0, 3, 0, 1, 1], [3, 1, 1, 0, 1, 0], [0, 0, 1, 0, 1, 3], [0, 3, 1, 0, 1, 0], [0, 0, 1, 0, 1, 3], [3, 1, 1, 0, 1, 0], [3, 1, 1, 0, 0, 1], [0, 1, 1, 0, 3, 1], [0, 3, 1, 0, 1, 1], [0, 1, 1, 0, 3, 1], [0, 0, 3, 0, 1, 1], [0, 1, 1, 1, 3, 1], [0, 1, 1, 3, 0, 1], [3, 1, 1, 0, 0, 1], [0, 1, 1, 1, 3, 1], [0, 1, 3, 1, 1, 1], [1, 0, 0, 0, 3, 1], [0, 1, 0, 3, 1, 1], [3, 1, 0, 0, 1, 1], [1, 3, 0, 0, 1, 1], [3, 1, 0, 0, 1, 1], [1, 0, 0, 0, 3, 1], [0, 1, 0, 3, 1, 1], [0, 0, 0, 3, 0, 1], [3, 0, 0, 0, 0, 1], [0, 0, 0, 3, 0, 1], [0, 3, 1, 1, 1, 0], [0, 0, 0, 1, 0, 3], [0, 0, 1, 1, 3, 0], [0, 0, 3, 1, 0, 0], [0, 0, 0, 1, 0, 3], [0, 0, 1, 1, 3, 0], [1, 0, 3, 1, 1, 0], [3, 0, 1, 1, 1, 0], [0, 3, 1, 1, 1, 0], [1, 0, 1, 1, 1, 3], [1, 0, 3, 1, 1, 0], [3, 0, 1, 1, 1, 1], [0, 0, 3, 1, 1, 1], [0, 0, 0, 0, 1, 3], [0, 0, 0, 3, 1, 1], [0, 0, 0, 0, 1, 3], [0, 0, 3, 1, 1, 1], [3, 0, 1, 1, 1, 1], [0, 0, 0, 0, 3, 0], [0, 0, 0, 3, 0, 0], [0, 0, 0, 0, 3, 0], [0, 1, 0, 1, 1, 3], [0, 1, 0, 3, 1, 1], [0, 1, 0, 1, 1, 3], [1, 1, 1, 0, 0, 3], [3, 1, 1, 0, 0, 1], [1, 1, 1, 0, 3, 1], [1, 1, 1, 0, 0, 3], [1, 1, 3, 0, 1, 1], [1, 1, 0, 3, 1, 1], [1, 1, 0, 1, 3, 1], [1, 1, 0, 3, 1, 1], [1, 3, 0, 1, 0, 1], [1, 0, 1, 1, 0, 3], [1, 0, 3, 1, 0, 1], [1, 0, 1, 1, 0, 3], [1, 3, 0, 1, 0, 1], [1, 1, 0, 3, 0, 1], [1, 3, 1, 0, 1, 1], [0, 1, 1, 1, 3, 0], [3, 1, 1, 1, 1, 0], [1, 1, 1, 0, 1, 3], [1, 1, 1, 3, 1, 0], [1, 1, 1, 0, 1, 3], [3, 1, 1, 1, 1, 0], [1, 3, 1, 0, 1, 1], [0, 3, 1, 0, 1, 0], [0, 1, 1, 3, 1, 0], [0, 1, 1, 1, 3, 0], [1, 1, 1, 1, 1, 3], [3, 1, 1, 1, 1, 0], [0, 1, 1, 3, 1, 0], [3, 1, 1, 1, 1, 0], [1, 1, 1, 1, 1, 3], [0, 3, 1, 0, 1, 0], [3, 0, 0, 1, 1, 1], [1, 0, 3, 1, 1, 1], [1, 3, 1, 1, 1, 1], [1, 0, 1, 1, 1, 3], [1, 0, 3, 1, 1, 1], [3, 0, 0, 1, 1, 1], [1, 0, 1, 0, 3, 0], [1, 0, 1, 3, 1, 0], [1, 0, 1, 0, 3, 0], [1, 0, 1, 0, 0, 3], [1, 0, 3, 0, 0, 0], [0, 0, 3, 0, 0, 0], [3, 0, 1, 0, 0, 1], [0, 0, 1, 0, 0, 3], [0, 0, 3, 0, 0, 0], [3, 0, 1, 0, 0, 1], [1, 0, 3, 0, 1, 0], [3, 0, 0, 0, 1, 0], [0, 0, 0, 0, 3, 0], [3, 0, 0, 0, 1, 0], [1, 0, 3, 0, 1, 0], [0, 1, 3, 0, 0, 1], [1, 0, 1, 0, 3, 0], [3, 0, 1, 0, 0, 0], [0, 0, 1, 0, 0, 3], [0, 3, 1, 0, 0, 1], [0, 0, 1, 0, 0, 3], [0, 1, 3, 0, 0, 1], [3, 0, 1, 0, 0, 0], [1, 0, 1, 0, 3, 0], [1, 0, 0, 0, 3, 1], [1, 3, 0, 0, 0, 1], [3, 1, 0, 0, 0, 1], [1, 3, 0, 0, 0, 1], [1, 0, 0, 3, 0, 1], [1, 0, 0, 0, 3, 1], [3, 0, 0, 1, 0, 1], [0, 0, 3, 0, 0, 1], [0, 0, 0, 3, 0, 1], [3, 0, 0, 1, 0, 1], [0, 0, 0, 1, 3, 0], [0, 0, 0, 1, 0, 3], [0, 0, 0, 3, 0, 1], [0, 0, 0, 1, 0, 3], [0, 0, 0, 1, 3, 0], [1, 3, 1, 1, 0, 0], [1, 0, 3, 1, 0, 0], [3, 0, 0, 1, 1, 0], [1, 0, 0, 1, 3, 0], [1, 0, 3, 1, 0, 0], [1, 3, 1, 1, 0, 0], [3, 0, 0, 1, 1, 0], [0, 3, 1, 1, 0, 1], [3, 1, 1, 1, 0, 0], [0, 1, 1, 1, 0, 3], [0, 3, 1, 1, 0, 1], [3, 1, 1, 1, 0, 0], [0, 0, 1, 1, 3, 1], [0, 0, 1, 1, 1, 3], [0, 0, 1, 1, 3, 1], [0, 0, 1, 0, 3, 0], [0, 0, 1, 3, 1, 0], [0, 0, 1, 0, 3, 0], [1, 1, 0, 3, 1, 0], [0, 3, 1, 0, 0, 0], [1, 1, 3, 0, 1, 0], [1, 1, 1, 0, 3, 0], [3, 1, 1, 0, 0, 0], [1, 1, 1, 0, 3, 0], [0, 3, 1, 0, 0, 0], [1, 1, 3, 0, 1, 0], [0, 1, 3, 0, 0, 0], [3, 1, 0, 0, 0, 0], [1, 1, 0, 0, 3, 0], [3, 1, 0, 0, 0, 0], [1, 1, 0, 3, 1, 0], [0, 1, 0, 3, 0, 0], [0, 1, 3, 0, 0, 0], [0, 3, 0, 1, 0, 0], [0, 0, 1, 1, 3, 1], [0, 0, 1, 1, 0, 3], [0, 0, 3, 1, 0, 0], [0, 0, 1, 1, 0, 3], [0, 3, 0, 1, 0, 0], [0, 1, 3, 1, 0, 1], [0, 3, 1, 1, 0, 1], [0, 0, 1, 1, 3, 1], [3, 1, 1, 1, 0, 1], [1, 1, 1, 1, 3, 1], [1, 1, 1, 1, 1, 3], [1, 1, 1, 1, 3, 1], [3, 1, 1, 1, 0, 1], [0, 1, 3, 1, 0, 1], [3, 1, 1, 1, 1, 0], [0, 1, 1, 0, 1, 3], [0, 1, 1, 3, 1, 0], [0, 1, 1, 0, 1, 3], [3, 1, 1, 1, 1, 0], [0, 1, 0, 0, 0, 3], [0, 1, 3, 0, 1, 1], [0, 1, 0, 0, 3, 1], [0, 1, 3, 0, 1, 1], [0, 1, 3, 1, 0, 1], [0, 1, 0, 3, 0, 1], [0, 1, 3, 1, 0, 1], [0, 1, 0, 0, 0, 3], [1, 1, 3, 1, 0, 0], [0, 1, 1, 1, 0, 3], [3, 1, 1, 1, 0, 0], [1, 1, 3, 1, 0, 0], [0, 1, 1, 1, 0, 3]]
========================================
