========================================
      FINAL EXPERIMENTAL STATISTICS      
========================================
Algorithm: WOA   Problem: 6-bit #1
b: 0.15   num_neighbors(N): 10
Trials: 100   Iterations: 3000
----------------------------------------
Best Gate Counts per Trial: [224, 226, 232, 216, 232, 236, 216, 218, 224, 212, 222, 222, 226, 220, 232, 224, 222, 222, 246, 228, 234, 230, 214, 236, 222, 222, 224, 222, 214, 218, 224, 220, 224, 226, 210, 226, 222, 226, 216, 202, 222, 224, 220, 226, 224, 230, 224, 218, 228, 230, 220, 236, 216, 216, 218, 218, 238, 228, 214, 232, 218, 228, 238, 222, 230, 232, 228, 220, 236, 234, 224, 222, 214, 232, 222, 216, 222, 220, 242, 236, 224, 228, 236, 228, 230, 224, 220, 230, 226, 216, 214, 228, 222, 224, 222, 226, 228, 226, 236, 218]
Global Minimum Gate Count:  202
Worst Gate Count:           246
Final Result (Gen 3000): 224.56 ± 7.32
Average Time per Experiment: 44.78s
----------------------------------------
Best Circuit Structure:
[[1, 0, 0, 1, 3, 0], [1, 0, 0, 3, 1, 0], [0, 0, 1, 3, 1, 1], [1, 0, 0, 1, 1, 3], [1, 0, 3, 1, 1, 1], [3, 0, 1, 1, 1, 1], [1, 0, 3, 1, 1, 1], [1, 0, 0, 1, 1, 3], [1, 0, 0, 1, 3, 0], [0, 3, 1, 1, 1, 1], [3, 1, 1, 1, 0, 1], [0, 1, 1, 1, 3, 1], [0, 3, 1, 1, 1, 1], [0, 0, 1, 3, 1, 1], [3, 1, 1, 1, 0, 1], [3, 1, 0, 0, 1, 0], [1, 1, 0, 0, 3, 0], [3, 1, 0, 0, 1, 0], [1, 1, 0, 0, 0, 3], [1, 1, 0, 3, 0, 1], [1, 1, 0, 1, 3, 1], [1, 1, 0, 3, 0, 1], [1, 1, 0, 0, 0, 3], [1, 1, 0, 0, 1, 3], [1, 1, 0, 3, 1, 1], [1, 3, 0, 0, 1, 1], [1, 0, 0, 3, 1, 1], [1, 3, 0, 0, 1, 1], [1, 1, 0, 0, 1, 3], [1, 0, 3, 1, 0, 1], [1, 0, 0, 1, 3, 1], [1, 0, 3, 1, 0, 1], [0, 0, 3, 0, 1, 1], [1, 3, 1, 0, 1, 0], [1, 0, 1, 0, 1, 3], [3, 0, 1, 0, 1, 1], [1, 0, 1, 0, 1, 3], [1, 3, 1, 0, 1, 0], [0, 0, 3, 0, 1, 1], [3, 1, 1, 0, 0, 1], [0, 1, 1, 0, 3, 1], [0, 0, 3, 0, 1, 1], [0, 3, 1, 0, 1, 1], [0, 0, 3, 0, 1, 1], [0, 1, 1, 3, 1, 1], [0, 1, 1, 0, 3, 1], [3, 1, 1, 0, 0, 1], [0, 1, 3, 1, 1, 1], [1, 0, 0, 3, 0, 1], [1, 0, 0, 1, 3, 1], [3, 1, 0, 1, 1, 1], [1, 3, 0, 1, 1, 1], [1, 0, 0, 1, 3, 1], [3, 1, 0, 1, 1, 1], [1, 0, 0, 3, 0, 1], [0, 0, 0, 3, 0, 1], [3, 0, 0, 0, 0, 1], [0, 0, 0, 3, 0, 1], [0, 0, 0, 1, 3, 1], [0, 1, 3, 1, 1, 0], [0, 3, 0, 1, 1, 0], [0, 0, 0, 1, 1, 3], [0, 0, 0, 1, 3, 1], [3, 0, 0, 1, 1, 0], [0, 3, 0, 1, 1, 0], [0, 1, 3, 1, 1, 0], [1, 0, 3, 1, 1, 1], [0, 0, 0, 3, 1, 0], [3, 0, 0, 1, 1, 0], [1, 0, 0, 1, 1, 3], [1, 0, 3, 1, 1, 1], [0, 0, 0, 1, 3, 0], [0, 0, 0, 3, 1, 0], [0, 3, 1, 0, 0, 1], [3, 0, 1, 1, 0, 0], [0, 0, 1, 1, 0, 3], [0, 0, 1, 3, 0, 1], [0, 3, 1, 0, 0, 1], [0, 0, 1, 1, 0, 3], [3, 0, 1, 1, 0, 0], [1, 1, 1, 0, 0, 3], [3, 1, 1, 0, 0, 1], [1, 1, 1, 0, 3, 1], [1, 1, 1, 0, 0, 3], [1, 1, 3, 0, 1, 1], [1, 1, 0, 3, 0, 1], [1, 1, 0, 0, 3, 1], [0, 1, 0, 3, 1, 0], [0, 1, 0, 0, 1, 3], [0, 1, 0, 3, 1, 0], [0, 1, 1, 1, 3, 0], [0, 3, 1, 1, 1, 0], [3, 0, 1, 0, 1, 1], [0, 0, 1, 1, 1, 3], [0, 0, 1, 3, 1, 1], [0, 0, 1, 1, 1, 3], [3, 0, 1, 0, 1, 1], [0, 0, 1, 3, 1, 0], [0, 3, 1, 1, 1, 0], [0, 1, 1, 1, 3, 0], [1, 1, 1, 3, 1, 1], [3, 1, 1, 0, 1, 1], [0, 3, 1, 0, 1, 0], [0, 1, 1, 0, 1, 3], [0, 3, 1, 0, 1, 0], [3, 1, 1, 0, 1, 1], [1, 1, 1, 3, 1, 1], [3, 0, 0, 1, 1, 1], [1, 1, 3, 1, 1, 1], [1, 3, 0, 1, 1, 1], [1, 1, 3, 1, 1, 1], [1, 0, 3, 1, 1, 1], [1, 0, 1, 1, 1, 3], [1, 0, 3, 1, 1, 1], [3, 0, 0, 1, 1, 1], [1, 0, 1, 0, 3, 0], [1, 0, 1, 3, 1, 0], [1, 0, 1, 0, 3, 0], [1, 0, 1, 0, 0, 3], [1, 0, 3, 0, 0, 0], [0, 0, 3, 0, 0, 0], [3, 0, 1, 0, 0, 0], [1, 0, 1, 0, 0, 3], [1, 0, 1, 0, 3, 0], [3, 0, 1, 0, 0, 0], [0, 0, 3, 0, 0, 0], [3, 1, 0, 0, 0, 1], [1, 0, 1, 0, 1, 3], [1, 3, 0, 0, 0, 1], [1, 0, 0, 0, 3, 1], [1, 0, 3, 0, 1, 1], [1, 0, 1, 0, 1, 3], [1, 3, 0, 0, 0, 1], [3, 1, 0, 0, 0, 1], [1, 0, 0, 0, 3, 1], [1, 0, 0, 3, 0, 1], [1, 0, 0, 0, 3, 1], [0, 0, 3, 0, 0, 1], [3, 0, 0, 1, 0, 1], [0, 0, 0, 3, 0, 1], [3, 0, 0, 1, 0, 1], [0, 0, 0, 1, 1, 3], [0, 0, 0, 3, 0, 1], [0, 0, 0, 1, 3, 1], [0, 0, 0, 1, 1, 3], [0, 0, 0, 3, 0, 1], [1, 3, 1, 1, 0, 0], [1, 0, 1, 1, 3, 0], [3, 0, 0, 1, 1, 0], [1, 0, 3, 1, 1, 0], [1, 0, 1, 1, 3, 0], [3, 0, 0, 1, 1, 0], [0, 0, 1, 1, 0, 3], [3, 0, 1, 1, 0, 0], [1, 3, 1, 1, 0, 0], [0, 0, 1, 1, 3, 0], [0, 0, 1, 1, 0, 3], [0, 0, 1, 0, 3, 0], [1, 3, 0, 1, 1, 0], [1, 0, 3, 1, 1, 0], [3, 0, 1, 1, 1, 0], [1, 0, 3, 1, 1, 0], [0, 0, 1, 3, 1, 0], [1, 3, 0, 1, 1, 0], [0, 0, 1, 0, 3, 0], [1, 1, 3, 1, 1, 0], [1, 1, 1, 3, 1, 0], [0, 1, 1, 0, 3, 0], [3, 1, 1, 0, 1, 0], [1, 1, 1, 3, 1, 0], [0, 1, 1, 0, 3, 0], [1, 1, 3, 1, 1, 0], [0, 1, 0, 3, 0, 0], [0, 1, 3, 0, 0, 0], [0, 1, 0, 3, 0, 0], [0, 0, 1, 1, 3, 1], [0, 3, 1, 1, 0, 1], [0, 1, 3, 1, 0, 1], [0, 1, 0, 1, 0, 3], [0, 3, 1, 1, 0, 1], [0, 0, 1, 1, 3, 1], [3, 1, 0, 1, 0, 1], [1, 1, 1, 1, 1, 3], [1, 1, 0, 1, 3, 1], [1, 1, 3, 1, 1, 1], [1, 1, 0, 1, 3, 1], [3, 1, 0, 1, 0, 1], [3, 1, 1, 1, 1, 1], [0, 1, 1, 3, 1, 1], [3, 1, 1, 1, 1, 1], [1, 1, 1, 1, 1, 3], [0, 1, 3, 0, 0, 0], [0, 1, 1, 0, 3, 1], [0, 1, 1, 0, 0, 3], [0, 1, 1, 0, 3, 1], [0, 1, 1, 1, 0, 3], [0, 1, 1, 3, 0, 0], [0, 1, 3, 0, 0, 0], [3, 1, 1, 1, 0, 0], [1, 1, 3, 1, 0, 0], [3, 1, 1, 1, 0, 0], [0, 1, 1, 1, 0, 3]]
========================================
