========================================
      FINAL EXPERIMENTAL STATISTICS      
========================================
Algorithm: WOA   Problem: 6-bit #1
b: 0.3   a_start: 3.0   a_end: 0.0   a_decay_power: 1.0   num_neighbors(N): 10
Trials: 100   Iterations: 3000
----------------------------------------
Best Gate Counts per Trial: [212, 206, 226, 220, 210, 232, 214, 216, 218, 222, 218, 220, 222, 216, 224, 208, 210, 222, 224, 220, 218, 214, 212, 212, 226, 222, 222, 210, 226, 214, 230, 218, 214, 214, 220, 214, 220, 218, 210, 214, 222, 220, 224, 214, 212, 208, 214, 212, 210, 218, 224, 222, 218, 226, 220, 206, 216, 224, 218, 222, 224, 220, 226, 212, 226, 216, 226, 224, 222, 222, 216, 206, 224, 208, 216, 228, 224, 224, 224, 210, 212, 218, 224, 228, 214, 212, 216, 226, 216, 222, 220, 228, 218, 214, 214, 220, 220, 214, 218, 220]
Global Minimum Gate Count:  206
Worst Gate Count:           232
Final Result (Gen 3000): 218.30 ± 5.87
Average Time per Experiment: 45.10s
----------------------------------------
Best Circuit Structure:
[[1, 0, 1, 1, 3, 1], [3, 1, 0, 0, 1, 0], [1, 1, 0, 0, 1, 3], [1, 1, 0, 3, 1, 1], [1, 3, 0, 1, 1, 1], [1, 1, 0, 3, 1, 1], [1, 1, 0, 0, 1, 3], [1, 0, 3, 1, 1, 1], [3, 1, 0, 0, 1, 0], [1, 0, 1, 1, 3, 1], [1, 1, 0, 0, 3, 0], [3, 1, 0, 0, 1, 0], [1, 1, 0, 3, 1, 1], [1, 1, 0, 0, 1, 3], [1, 1, 0, 0, 3, 0], [1, 1, 0, 0, 1, 3], [1, 1, 0, 3, 1, 1], [0, 0, 1, 3, 1, 1], [0, 0, 1, 1, 3, 1], [3, 1, 1, 1, 0, 1], [0, 3, 1, 1, 0, 1], [3, 1, 1, 1, 0, 1], [0, 0, 1, 1, 3, 1], [0, 0, 1, 3, 1, 1], [1, 1, 1, 1, 0, 3], [1, 0, 0, 3, 1, 0], [1, 3, 1, 1, 0, 0], [1, 0, 0, 1, 3, 0], [1, 0, 3, 1, 0, 0], [1, 3, 1, 1, 0, 0], [1, 1, 1, 1, 0, 3], [1, 0, 0, 3, 1, 0], [3, 1, 0, 0, 0, 1], [1, 0, 0, 0, 3, 1], [1, 3, 0, 0, 0, 1], [3, 1, 0, 0, 0, 1], [1, 0, 0, 3, 0, 1], [1, 0, 0, 0, 3, 1], [0, 0, 3, 0, 0, 1], [0, 0, 0, 3, 0, 1], [3, 0, 0, 1, 0, 1], [0, 0, 0, 1, 3, 0], [0, 0, 0, 1, 0, 3], [0, 0, 0, 1, 3, 0], [0, 0, 0, 3, 0, 1], [1, 1, 3, 1, 0, 0], [3, 1, 0, 1, 0, 0], [0, 3, 0, 1, 1, 0], [0, 1, 0, 1, 3, 0], [0, 3, 0, 1, 1, 0], [3, 1, 0, 1, 0, 0], [1, 1, 3, 1, 0, 0], [0, 0, 1, 1, 0, 3], [3, 0, 1, 1, 0, 0], [1, 3, 1, 1, 0, 0], [3, 0, 1, 1, 0, 0], [0, 0, 1, 1, 3, 0], [0, 0, 1, 1, 0, 3], [0, 0, 1, 3, 1, 0], [0, 0, 1, 0, 3, 0], [0, 0, 1, 3, 1, 0], [1, 1, 3, 1, 1, 0], [1, 1, 1, 3, 1, 0], [3, 1, 1, 0, 1, 0], [0, 1, 1, 0, 3, 0], [0, 3, 1, 0, 0, 0], [3, 1, 1, 0, 1, 0], [1, 1, 1, 3, 1, 0], [1, 1, 3, 1, 1, 0], [0, 1, 0, 3, 0, 0], [0, 1, 3, 0, 0, 0], [0, 1, 0, 3, 0, 0], [0, 0, 3, 1, 1, 1], [0, 0, 0, 1, 3, 1], [0, 3, 0, 1, 0, 1], [0, 1, 0, 1, 0, 3], [0, 0, 0, 1, 3, 1], [0, 0, 3, 1, 1, 1], [0, 1, 0, 1, 3, 1], [1, 1, 1, 1, 1, 3], [3, 1, 1, 1, 1, 1], [0, 1, 3, 1, 1, 1], [0, 1, 0, 1, 3, 1], [0, 1, 1, 3, 1, 1], [3, 1, 1, 1, 1, 1], [1, 1, 1, 1, 1, 3], [0, 1, 1, 0, 3, 1], [0, 1, 0, 0, 0, 3], [0, 1, 3, 0, 0, 1], [0, 1, 1, 0, 3, 1], [0, 1, 1, 3, 0, 1], [0, 1, 3, 0, 0, 1], [0, 1, 1, 3, 0, 1], [0, 1, 0, 0, 0, 3], [3, 1, 0, 1, 0, 0], [0, 1, 3, 1, 0, 1], [0, 1, 0, 1, 0, 3], [0, 1, 3, 1, 0, 1], [3, 1, 0, 1, 0, 0], [1, 0, 1, 0, 1, 3], [1, 0, 1, 0, 3, 0], [1, 3, 0, 1, 0, 0], [1, 0, 3, 0, 0, 0], [1, 0, 0, 3, 0, 0], [1, 0, 3, 0, 0, 0], [1, 0, 1, 0, 3, 0], [1, 0, 1, 0, 1, 3], [1, 3, 0, 1, 0, 0], [0, 3, 1, 1, 0, 0], [1, 0, 1, 0, 3, 1], [1, 0, 1, 0, 0, 3], [0, 0, 1, 3, 0, 0], [3, 0, 1, 0, 0, 0], [1, 0, 1, 0, 0, 3], [1, 0, 1, 0, 3, 1], [0, 0, 1, 0, 3, 0], [0, 0, 1, 3, 0, 0], [0, 3, 1, 1, 0, 0], [3, 0, 1, 0, 1, 0], [1, 3, 1, 1, 1, 1], [1, 0, 1, 3, 1, 0], [1, 0, 1, 1, 1, 3], [1, 3, 1, 1, 1, 1], [1, 0, 1, 3, 1, 0], [3, 0, 1, 0, 1, 0], [3, 0, 0, 1, 1, 1], [1, 0, 3, 1, 1, 1], [1, 3, 1, 1, 1, 1], [1, 0, 1, 1, 1, 3], [1, 0, 3, 1, 1, 1], [3, 0, 0, 1, 1, 1], [1, 0, 1, 0, 3, 0], [1, 0, 1, 3, 1, 0], [1, 0, 1, 0, 3, 0], [1, 0, 1, 0, 0, 3], [1, 0, 3, 0, 0, 0], [3, 0, 0, 0, 0, 0], [1, 0, 3, 0, 0, 0], [1, 0, 1, 0, 0, 3], [1, 0, 1, 0, 3, 0], [1, 0, 3, 0, 0, 0], [3, 0, 0, 0, 0, 0], [0, 1, 0, 3, 1, 1], [0, 1, 0, 1, 1, 3], [0, 1, 0, 3, 1, 1], [3, 0, 0, 0, 1, 1], [1, 0, 0, 0, 1, 3], [1, 3, 0, 0, 1, 0], [1, 1, 3, 0, 1, 0], [1, 3, 0, 0, 1, 0], [1, 0, 0, 0, 1, 3], [1, 0, 0, 0, 3, 1], [1, 1, 3, 0, 0, 1], [1, 3, 0, 0, 0, 1], [1, 0, 0, 0, 3, 1], [3, 0, 0, 0, 1, 1], [1, 1, 3, 0, 0, 1], [0, 1, 1, 3, 1, 1], [0, 1, 1, 0, 3, 1], [3, 1, 1, 0, 0, 1], [0, 1, 1, 0, 3, 1], [0, 1, 1, 3, 1, 1], [0, 1, 3, 1, 1, 1], [3, 0, 0, 0, 0, 1], [0, 1, 0, 1, 3, 1], [0, 0, 0, 3, 0, 1], [0, 3, 0, 1, 0, 1], [0, 1, 0, 1, 3, 1], [3, 0, 0, 0, 0, 1], [0, 1, 3, 1, 1, 0], [0, 3, 0, 1, 0, 1], [0, 1, 0, 1, 3, 0], [0, 1, 0, 1, 0, 3], [0, 1, 0, 1, 3, 0], [0, 1, 3, 1, 1, 0], [0, 3, 0, 1, 0, 1], [1, 0, 3, 1, 1, 0], [1, 3, 1, 1, 1, 0], [3, 1, 1, 1, 1, 0], [1, 3, 1, 1, 1, 0], [1, 0, 1, 1, 1, 3], [1, 0, 3, 1, 1, 0], [0, 0, 0, 3, 1, 0], [0, 0, 0, 1, 1, 3], [3, 0, 0, 1, 1, 1], [1, 0, 3, 1, 1, 1], [3, 0, 0, 1, 1, 1], [0, 0, 0, 1, 1, 3], [0, 0, 0, 1, 3, 0], [0, 0, 0, 3, 1, 0], [3, 1, 1, 0, 0, 1], [1, 1, 1, 0, 0, 3], [3, 1, 1, 0, 0, 1], [1, 1, 1, 0, 1, 3], [1, 1, 1, 0, 3, 0], [1, 1, 1, 0, 1, 3], [1, 1, 3, 0, 1, 1], [1, 1, 0, 1, 3, 1], [1, 1, 0, 3, 1, 1], [1, 1, 0, 1, 3, 1], [1, 0, 3, 1, 0, 0], [1, 3, 0, 1, 0, 0], [1, 1, 0, 1, 0, 3], [1, 3, 0, 1, 0, 0], [1, 0, 3, 1, 0, 0], [1, 1, 0, 3, 0, 1]]
========================================
