========================================
      FINAL EXPERIMENTAL STATISTICS      
========================================
Algorithm: WOA   Problem: 6-bit #1
b: 0.45   a_start: 2.0   a_end: 0.0   a_decay_power: 0.5   num_neighbors(N): 10
Trials: 100   Iterations: 3000
----------------------------------------
Best Gate Counts per Trial: [218, 212, 214, 218, 218, 206, 214, 216, 212, 218, 214, 216, 212, 218, 216, 228, 214, 218, 210, 216, 224, 226, 214, 222, 226, 212, 212, 210, 208, 220, 222, 222, 218, 214, 220, 222, 214, 226, 222, 210, 220, 222, 214, 224, 222, 228, 228, 226, 218, 216, 214, 216, 224, 218, 222, 206, 214, 212, 222, 218, 224, 212, 216, 220, 226, 232, 214, 212, 226, 214, 224, 222, 216, 214, 216, 212, 214, 212, 224, 222, 218, 224, 212, 220, 210, 202, 218, 216, 222, 230, 216, 220, 214, 220, 220, 210, 214, 218, 222, 224]
Global Minimum Gate Count:  202
Worst Gate Count:           232
Final Result (Gen 3000): 217.78 ± 5.66
Average Time per Experiment: 45.28s
----------------------------------------
Best Circuit Structure:
[[0, 1, 0, 3, 1, 1], [0, 1, 0, 1, 1, 3], [0, 1, 0, 3, 1, 1], [3, 0, 1, 1, 0, 0], [0, 0, 1, 1, 0, 3], [0, 3, 1, 1, 0, 1], [0, 1, 1, 3, 0, 1], [0, 3, 1, 1, 0, 1], [0, 0, 1, 1, 0, 3], [3, 0, 1, 1, 0, 0], [3, 1, 1, 0, 0, 0], [0, 1, 1, 0, 0, 3], [3, 1, 1, 0, 0, 0], [1, 1, 1, 0, 3, 1], [1, 1, 1, 0, 0, 3], [1, 1, 1, 0, 3, 1], [1, 1, 3, 0, 1, 1], [1, 1, 0, 3, 0, 1], [1, 1, 0, 0, 3, 1], [1, 1, 0, 0, 3, 0], [3, 1, 0, 0, 1, 0], [1, 1, 0, 3, 1, 0], [1, 1, 0, 1, 1, 3], [1, 1, 0, 3, 1, 0], [1, 1, 0, 0, 3, 0], [1, 1, 0, 3, 1, 0], [1, 3, 0, 1, 1, 1], [1, 1, 0, 1, 1, 3], [1, 1, 0, 3, 1, 0], [1, 0, 3, 1, 1, 1], [1, 0, 1, 1, 3, 1], [1, 0, 3, 1, 1, 1], [1, 3, 1, 0, 1, 0], [3, 0, 0, 0, 1, 1], [1, 0, 0, 0, 1, 3], [1, 0, 3, 0, 1, 0], [1, 0, 0, 0, 1, 3], [1, 3, 1, 0, 1, 0], [1, 3, 1, 0, 0, 1], [1, 0, 0, 0, 3, 1], [1, 0, 3, 0, 0, 1], [1, 0, 0, 0, 3, 1], [3, 0, 0, 0, 1, 1], [1, 3, 1, 0, 0, 1], [0, 1, 1, 3, 1, 1], [1, 1, 1, 0, 3, 1], [3, 1, 1, 0, 1, 1], [1, 1, 1, 0, 3, 1], [0, 1, 1, 3, 1, 1], [0, 1, 3, 1, 1, 1], [0, 3, 0, 1, 1, 1], [1, 0, 0, 3, 0, 1], [0, 0, 0, 1, 3, 1], [3, 0, 0, 1, 0, 1], [0, 0, 0, 1, 3, 1], [0, 3, 0, 1, 1, 1], [3, 0, 0, 1, 0, 1], [1, 0, 0, 3, 0, 1], [0, 1, 1, 1, 1, 3], [0, 3, 0, 1, 0, 1], [0, 1, 0, 1, 3, 1], [0, 1, 3, 1, 1, 1], [0, 1, 1, 1, 1, 3], [0, 1, 0, 1, 3, 1], [0, 3, 0, 1, 0, 1], [1, 0, 3, 1, 1, 0], [3, 1, 1, 1, 1, 0], [1, 3, 1, 1, 1, 0], [3, 1, 1, 1, 1, 0], [1, 0, 1, 1, 1, 3], [1, 0, 3, 1, 1, 0], [0, 0, 0, 3, 1, 0], [3, 0, 1, 1, 1, 1], [0, 0, 3, 1, 1, 0], [0, 0, 1, 1, 1, 3], [3, 0, 1, 1, 1, 1], [0, 0, 3, 1, 1, 0], [0, 0, 0, 1, 3, 0], [0, 0, 0, 3, 1, 0], [0, 1, 0, 1, 3, 1], [0, 3, 0, 1, 1, 1], [0, 0, 3, 1, 1, 1], [0, 3, 0, 1, 1, 1], [3, 1, 1, 1, 1, 0], [0, 1, 1, 1, 1, 3], [0, 1, 3, 1, 1, 1], [0, 1, 0, 1, 3, 1], [0, 1, 1, 3, 1, 1], [0, 1, 1, 1, 1, 3], [3, 1, 1, 1, 1, 0], [0, 1, 1, 0, 3, 1], [0, 1, 3, 0, 0, 0], [0, 1, 1, 0, 0, 3], [0, 1, 1, 0, 3, 1], [0, 1, 1, 1, 0, 3], [0, 1, 1, 3, 0, 0], [0, 1, 3, 0, 0, 0], [1, 1, 3, 1, 0, 0], [3, 1, 1, 1, 0, 0], [0, 1, 1, 1, 0, 3], [1, 3, 1, 1, 0, 0], [1, 0, 1, 3, 1, 1], [1, 0, 1, 1, 1, 3], [1, 0, 1, 1, 3, 0], [1, 3, 1, 1, 0, 0], [1, 1, 3, 1, 0, 0], [0, 1, 1, 1, 3, 0], [3, 0, 1, 1, 1, 0], [0, 3, 1, 1, 1, 0], [0, 1, 1, 1, 3, 0], [3, 0, 1, 1, 1, 0], [1, 0, 1, 1, 1, 3], [1, 0, 1, 3, 1, 1], [0, 0, 1, 3, 1, 0], [0, 0, 1, 1, 3, 0], [0, 3, 1, 1, 0, 0], [0, 0, 1, 1, 3, 0], [3, 1, 1, 1, 1, 1], [0, 3, 1, 1, 1, 1], [0, 0, 1, 1, 1, 3], [0, 0, 1, 3, 1, 0], [0, 0, 3, 1, 1, 1], [0, 3, 1, 1, 1, 1], [3, 1, 1, 1, 1, 1], [1, 0, 3, 1, 1, 0], [3, 0, 0, 1, 1, 0], [0, 0, 0, 1, 1, 3], [3, 0, 0, 1, 1, 0], [1, 0, 3, 1, 1, 0], [1, 0, 1, 3, 1, 0], [1, 0, 1, 0, 3, 0], [1, 0, 1, 3, 1, 0], [1, 0, 1, 0, 0, 3], [1, 0, 3, 0, 0, 0], [1, 0, 3, 0, 0, 1], [0, 0, 0, 0, 0, 3], [3, 0, 0, 0, 0, 1], [1, 0, 3, 0, 0, 1], [0, 0, 0, 0, 0, 3], [1, 0, 1, 0, 3, 0], [1, 0, 3, 0, 0, 0], [0, 3, 0, 0, 0, 1], [0, 0, 0, 0, 0, 3], [3, 0, 0, 0, 0, 0], [1, 0, 3, 0, 0, 0], [1, 0, 1, 0, 3, 0], [1, 0, 0, 0, 3, 1], [3, 0, 0, 0, 0, 1], [0, 3, 0, 0, 0, 1], [1, 0, 0, 3, 0, 1], [1, 0, 0, 0, 3, 1], [0, 0, 3, 0, 0, 1], [1, 0, 0, 3, 0, 1], [3, 0, 0, 0, 0, 1], [1, 0, 0, 3, 0, 1], [0, 0, 0, 3, 0, 1], [0, 0, 0, 1, 3, 0], [0, 0, 0, 1, 0, 3], [0, 0, 0, 3, 0, 1], [0, 0, 3, 1, 0, 0], [1, 3, 1, 1, 0, 0], [3, 0, 1, 1, 0, 0], [1, 3, 1, 1, 0, 0], [0, 0, 3, 1, 0, 0], [0, 0, 0, 1, 3, 0], [0, 0, 1, 1, 0, 3], [3, 1, 1, 1, 0, 0], [0, 3, 1, 1, 0, 0], [3, 1, 1, 1, 0, 0], [0, 0, 1, 1, 3, 0], [0, 0, 1, 1, 0, 3], [0, 0, 1, 3, 1, 0], [0, 0, 1, 0, 3, 0], [0, 0, 1, 3, 1, 0], [1, 1, 3, 1, 1, 0], [0, 0, 1, 0, 3, 0], [3, 1, 1, 1, 1, 0], [0, 1, 1, 3, 1, 0], [0, 3, 1, 0, 1, 0], [0, 0, 1, 0, 3, 0], [0, 1, 1, 0, 3, 0], [0, 1, 1, 3, 1, 0], [3, 1, 1, 1, 1, 0], [1, 1, 3, 1, 1, 0], [0, 1, 3, 1, 0, 0], [0, 1, 1, 3, 0, 0], [0, 1, 3, 1, 0, 0], [1, 0, 0, 3, 0, 0], [1, 0, 0, 0, 3, 0], [1, 0, 0, 0, 0, 3], [0, 0, 1, 0, 3, 1], [0, 0, 3, 0, 0, 1], [3, 0, 0, 0, 0, 1], [1, 0, 0, 0, 0, 3], [0, 0, 3, 0, 0, 1], [1, 0, 0, 3, 0, 0], [1, 1, 1, 3, 0, 1], [3, 1, 1, 0, 0, 1], [0, 3, 1, 0, 0, 1], [0, 0, 1, 0, 3, 1], [3, 1, 1, 0, 0, 1], [1, 1, 1, 3, 0, 1]]
========================================
