========================================
      FINAL EXPERIMENTAL STATISTICS      
========================================
Algorithm: WOA   Problem: 6-bit #1
b: 0.3   a_start: 2.0   a_end: 0.0   a_decay_power: 1.0   num_neighbors(N): 10
Trials: 100   Iterations: 3000
----------------------------------------
Best Gate Counts per Trial: [224, 224, 218, 210, 226, 218, 210, 214, 222, 218, 224, 220, 224, 224, 222, 222, 220, 224, 216, 222, 216, 220, 216, 218, 220, 216, 220, 220, 208, 224, 222, 214, 206, 220, 218, 214, 222, 218, 212, 214, 220, 222, 222, 210, 220, 222, 220, 206, 222, 218, 222, 214, 216, 216, 214, 212, 222, 222, 214, 230, 218, 218, 236, 226, 226, 224, 220, 222, 218, 210, 224, 230, 214, 222, 210, 232, 218, 232, 216, 228, 222, 220, 216, 224, 202, 210, 222, 222, 214, 216, 210, 230, 206, 216, 224, 222, 224, 218, 218, 218]
Global Minimum Gate Count:  202
Worst Gate Count:           236
Final Result (Gen 3000): 219.02 ± 6.01
Average Time per Experiment: 44.41s
----------------------------------------
Best Circuit Structure:
[[1, 0, 0, 1, 3, 0], [1, 0, 0, 0, 1, 3], [3, 0, 1, 0, 1, 1], [1, 0, 3, 0, 1, 1], [1, 0, 0, 0, 1, 3], [1, 0, 0, 3, 1, 0], [1, 0, 0, 1, 3, 0], [1, 3, 1, 0, 1, 1], [1, 1, 1, 3, 0, 1], [1, 1, 1, 0, 3, 1], [1, 3, 1, 0, 1, 1], [1, 1, 1, 3, 0, 1], [3, 0, 1, 0, 1, 1], [1, 0, 1, 3, 0, 0], [3, 1, 1, 0, 0, 1], [1, 1, 1, 0, 0, 3], [1, 3, 1, 0, 0, 0], [1, 0, 1, 3, 0, 0], [3, 1, 1, 0, 0, 1], [1, 1, 1, 0, 3, 0], [1, 1, 1, 0, 1, 3], [1, 1, 1, 0, 3, 0], [1, 1, 3, 0, 1, 1], [1, 1, 0, 3, 0, 1], [1, 1, 0, 0, 3, 1], [0, 0, 1, 3, 1, 0], [0, 1, 1, 1, 3, 0], [0, 3, 1, 1, 1, 0], [0, 1, 1, 1, 3, 0], [1, 1, 1, 1, 1, 3], [3, 1, 1, 1, 1, 0], [0, 3, 1, 1, 1, 0], [3, 1, 1, 1, 1, 0], [0, 0, 1, 3, 1, 0], [1, 1, 1, 1, 1, 3], [0, 0, 3, 1, 1, 1], [3, 1, 1, 1, 1, 1], [0, 3, 1, 1, 1, 1], [3, 1, 1, 1, 1, 1], [3, 0, 1, 1, 1, 0], [0, 0, 1, 1, 1, 3], [0, 0, 3, 1, 1, 1], [3, 0, 1, 1, 1, 0], [1, 0, 1, 3, 1, 0], [1, 0, 1, 0, 3, 0], [1, 0, 1, 3, 1, 0], [1, 0, 1, 0, 0, 3], [1, 0, 3, 0, 0, 0], [0, 0, 3, 0, 0, 0], [3, 0, 1, 0, 0, 0], [1, 0, 1, 0, 0, 3], [3, 0, 1, 0, 0, 0], [1, 0, 1, 0, 3, 0], [3, 0, 1, 0, 0, 0], [0, 0, 3, 0, 0, 0], [3, 1, 0, 0, 0, 1], [1, 0, 1, 0, 0, 3], [1, 3, 1, 0, 0, 1], [1, 1, 3, 0, 0, 1], [1, 3, 1, 0, 0, 1], [1, 0, 1, 0, 0, 3], [3, 1, 0, 0, 0, 1], [1, 0, 1, 0, 3, 0], [1, 0, 0, 0, 3, 1], [1, 3, 0, 0, 0, 1], [3, 1, 0, 0, 0, 1], [1, 3, 0, 0, 0, 1], [1, 0, 0, 3, 0, 1], [1, 0, 0, 0, 3, 1], [0, 0, 3, 0, 0, 1], [3, 0, 0, 0, 0, 1], [1, 0, 0, 3, 0, 1], [3, 0, 0, 0, 0, 1], [0, 0, 0, 1, 3, 0], [0, 0, 0, 3, 0, 0], [0, 0, 0, 0, 0, 3], [0, 0, 0, 3, 0, 0], [0, 0, 0, 1, 3, 0], [1, 1, 1, 1, 3, 0], [3, 0, 0, 1, 1, 0], [1, 3, 1, 1, 1, 0], [1, 0, 3, 1, 1, 0], [3, 0, 0, 1, 1, 0], [1, 3, 1, 1, 1, 0], [1, 1, 1, 1, 3, 0], [0, 0, 1, 1, 0, 3], [3, 1, 1, 1, 0, 0], [0, 3, 1, 1, 0, 0], [3, 1, 1, 1, 0, 0], [0, 0, 1, 1, 3, 0], [0, 0, 1, 1, 0, 3], [0, 0, 1, 3, 1, 0], [0, 0, 1, 0, 3, 0], [0, 0, 1, 3, 1, 0], [3, 0, 1, 0, 0, 0], [1, 3, 1, 0, 0, 0], [1, 1, 0, 3, 1, 0], [1, 1, 0, 0, 3, 0], [1, 1, 3, 0, 0, 0], [1, 3, 1, 0, 0, 0], [3, 0, 1, 0, 0, 0], [0, 1, 3, 0, 0, 0], [3, 1, 0, 0, 0, 0], [1, 1, 0, 0, 3, 0], [1, 1, 0, 3, 1, 0], [0, 1, 0, 3, 0, 0], [0, 1, 3, 0, 0, 0], [0, 3, 0, 1, 0, 0], [0, 0, 3, 1, 1, 1], [0, 0, 0, 1, 1, 3], [0, 0, 0, 1, 3, 0], [0, 0, 0, 1, 1, 3], [0, 3, 0, 1, 0, 0], [0, 3, 0, 1, 1, 1], [0, 1, 0, 1, 3, 1], [0, 3, 0, 1, 1, 1], [0, 0, 3, 1, 1, 1], [3, 1, 1, 1, 1, 0], [0, 1, 0, 1, 3, 1], [0, 1, 3, 1, 1, 1], [0, 1, 1, 1, 1, 3], [0, 1, 3, 1, 1, 1], [0, 1, 0, 1, 3, 1], [0, 1, 1, 0, 1, 3], [0, 1, 1, 3, 1, 0], [3, 1, 1, 1, 1, 0], [0, 1, 3, 0, 0, 0], [0, 1, 1, 0, 3, 0], [0, 1, 1, 0, 1, 3], [0, 1, 1, 3, 0, 1], [0, 1, 1, 0, 0, 3], [0, 1, 3, 0, 0, 0], [0, 1, 1, 3, 0, 1], [1, 1, 0, 1, 0, 3], [1, 1, 3, 1, 0, 1], [3, 1, 1, 1, 0, 1], [1, 1, 1, 3, 0, 1], [1, 0, 1, 0, 3, 1], [1, 3, 1, 0, 0, 1], [1, 1, 1, 3, 0, 1], [1, 1, 3, 1, 0, 1], [1, 0, 1, 0, 3, 1], [1, 1, 0, 1, 0, 3], [1, 3, 1, 0, 1, 0], [1, 0, 1, 0, 1, 3], [0, 0, 3, 0, 1, 1], [3, 0, 1, 0, 1, 1], [1, 0, 1, 0, 1, 3], [1, 3, 1, 0, 1, 0], [0, 0, 1, 0, 3, 1], [3, 1, 1, 0, 0, 1], [0, 3, 1, 0, 0, 1], [0, 0, 1, 0, 3, 1], [0, 0, 3, 0, 1, 1], [0, 1, 1, 3, 1, 1], [0, 1, 1, 0, 3, 1], [3, 1, 1, 0, 0, 1], [0, 1, 1, 3, 1, 1], [0, 1, 3, 1, 1, 1], [1, 0, 0, 3, 0, 1], [3, 0, 0, 1, 0, 1], [0, 0, 0, 1, 3, 1], [0, 3, 0, 1, 1, 1], [0, 0, 0, 1, 3, 1], [1, 0, 0, 3, 0, 1], [0, 0, 3, 1, 0, 1], [0, 1, 1, 1, 1, 3], [0, 3, 1, 1, 1, 1], [0, 0, 1, 1, 3, 1], [0, 0, 3, 1, 0, 1], [0, 3, 1, 1, 1, 1], [0, 1, 1, 1, 1, 3], [1, 0, 3, 1, 1, 0], [1, 3, 1, 1, 1, 0], [3, 1, 1, 1, 1, 0], [1, 3, 1, 1, 1, 0], [1, 0, 3, 1, 1, 0], [1, 0, 1, 1, 1, 3], [0, 0, 0, 3, 1, 0], [3, 0, 0, 1, 1, 0], [1, 0, 3, 1, 1, 0], [1, 0, 1, 1, 1, 3], [0, 0, 0, 1, 3, 0], [0, 0, 0, 3, 1, 0], [0, 1, 0, 3, 1, 0], [0, 1, 0, 0, 1, 3], [0, 1, 0, 3, 1, 0], [1, 1, 0, 0, 3, 0], [3, 1, 0, 0, 1, 0], [1, 1, 0, 0, 3, 0], [1, 1, 0, 3, 0, 0], [1, 1, 0, 1, 3, 1], [1, 1, 0, 1, 0, 3], [1, 1, 0, 3, 0, 0], [1, 1, 0, 1, 3, 1], [1, 1, 0, 3, 1, 0], [1, 3, 0, 1, 1, 1], [1, 1, 0, 1, 1, 3], [1, 1, 0, 3, 1, 0], [1, 0, 1, 1, 3, 1], [1, 0, 3, 1, 1, 1], [1, 0, 1, 1, 3, 1]]
========================================
