========================================
      FINAL EXPERIMENTAL STATISTICS      
========================================
Algorithm: WOA   Problem: 6-bit #1
b: 0.45   a_start: 2.0   a_end: 0.0   a_decay_power: 2.0   num_neighbors(N): 10
Trials: 100   Iterations: 3000
----------------------------------------
Best Gate Counts per Trial: [220, 228, 222, 216, 220, 222, 214, 206, 222, 216, 218, 218, 222, 218, 226, 222, 218, 218, 220, 224, 214, 224, 210, 220, 222, 216, 218, 212, 222, 218, 214, 214, 224, 228, 214, 226, 216, 220, 214, 218, 214, 218, 224, 220, 212, 218, 216, 210, 218, 218, 214, 222, 216, 226, 226, 224, 228, 220, 220, 220, 222, 220, 222, 212, 230, 230, 210, 212, 214, 224, 222, 218, 224, 220, 208, 214, 230, 234, 212, 222, 226, 226, 220, 224, 208, 220, 222, 224, 220, 220, 222, 228, 220, 206, 220, 220, 224, 208, 214, 226]
Global Minimum Gate Count:  206
Worst Gate Count:           234
Final Result (Gen 3000): 219.36 ± 5.63
Average Time per Experiment: 45.09s
----------------------------------------
Best Circuit Structure:
[[1, 0, 0, 1, 3, 0], [0, 0, 1, 0, 1, 3], [0, 0, 3, 0, 1, 0], [3, 0, 0, 0, 1, 0], [1, 0, 0, 3, 1, 0], [1, 0, 0, 1, 3, 0], [0, 0, 3, 0, 1, 0], [0, 0, 1, 0, 1, 3], [3, 0, 1, 0, 1, 1], [1, 1, 1, 3, 0, 1], [1, 3, 1, 0, 0, 1], [1, 0, 1, 0, 3, 1], [1, 3, 1, 0, 0, 1], [3, 0, 1, 0, 1, 1], [1, 1, 1, 3, 0, 1], [3, 1, 0, 0, 1, 0], [1, 1, 0, 0, 3, 0], [3, 1, 0, 0, 1, 0], [1, 1, 0, 1, 1, 3], [1, 1, 0, 3, 1, 0], [1, 1, 0, 0, 3, 0], [1, 1, 0, 1, 1, 3], [1, 0, 0, 3, 1, 1], [1, 3, 0, 0, 1, 0], [1, 0, 0, 0, 1, 3], [1, 0, 0, 3, 1, 1], [1, 3, 0, 0, 1, 0], [1, 0, 3, 1, 1, 1], [1, 0, 1, 1, 3, 1], [1, 0, 3, 1, 1, 1], [0, 1, 1, 0, 0, 3], [0, 1, 1, 3, 0, 0], [0, 3, 1, 1, 0, 0], [3, 0, 1, 1, 0, 0], [0, 3, 1, 1, 0, 0], [0, 1, 1, 3, 0, 0], [3, 1, 1, 0, 0, 0], [0, 1, 1, 0, 0, 3], [1, 1, 1, 0, 1, 3], [1, 1, 1, 0, 3, 0], [1, 1, 1, 0, 1, 3], [1, 1, 3, 0, 1, 1], [1, 1, 0, 3, 0, 1], [1, 1, 0, 0, 3, 1], [0, 3, 0, 0, 1, 1], [3, 1, 1, 0, 1, 0], [0, 1, 3, 0, 1, 1], [0, 1, 1, 0, 1, 3], [3, 1, 1, 0, 1, 0], [0, 1, 1, 0, 3, 1], [3, 1, 1, 0, 0, 1], [0, 1, 1, 0, 3, 1], [0, 1, 3, 0, 1, 1], [0, 3, 0, 0, 1, 1], [0, 1, 1, 3, 1, 1], [3, 1, 1, 0, 1, 1], [1, 1, 1, 0, 3, 1], [3, 1, 1, 0, 1, 1], [0, 1, 1, 3, 1, 1], [0, 1, 3, 1, 1, 1], [0, 3, 0, 1, 1, 1], [3, 0, 0, 0, 0, 1], [0, 0, 0, 0, 3, 1], [0, 0, 0, 3, 1, 1], [0, 3, 0, 1, 1, 1], [0, 0, 0, 0, 3, 1], [0, 0, 0, 3, 0, 1], [3, 0, 0, 0, 0, 1], [0, 1, 3, 1, 1, 0], [0, 0, 0, 1, 3, 1], [0, 3, 0, 1, 1, 0], [0, 0, 0, 1, 1, 3], [0, 0, 0, 1, 3, 1], [3, 0, 0, 1, 1, 0], [0, 3, 0, 1, 1, 0], [0, 1, 3, 1, 1, 0], [1, 0, 3, 1, 1, 1], [1, 0, 0, 1, 1, 3], [0, 0, 0, 0, 1, 3], [3, 0, 0, 0, 1, 1], [1, 0, 0, 3, 1, 1], [3, 0, 0, 0, 1, 1], [1, 0, 3, 1, 1, 1], [0, 0, 0, 0, 1, 3], [0, 0, 0, 1, 3, 0], [0, 0, 0, 3, 1, 0], [0, 0, 0, 1, 3, 0], [0, 1, 0, 0, 1, 3], [0, 1, 0, 3, 1, 0], [0, 1, 0, 0, 1, 3], [0, 1, 3, 0, 0, 0], [0, 1, 0, 3, 0, 0], [3, 1, 0, 1, 0, 0], [1, 1, 0, 1, 3, 0], [3, 1, 0, 1, 0, 0], [0, 1, 3, 0, 0, 0], [0, 1, 3, 1, 0, 0], [0, 0, 1, 1, 1, 3], [0, 1, 1, 1, 3, 0], [0, 3, 1, 1, 1, 0], [0, 1, 1, 1, 3, 0], [0, 1, 3, 1, 0, 0], [0, 0, 1, 1, 1, 3], [0, 1, 0, 1, 3, 1], [0, 3, 0, 1, 1, 1], [0, 0, 3, 1, 1, 1], [0, 3, 0, 1, 1, 1], [1, 1, 1, 1, 1, 3], [3, 1, 1, 1, 1, 1], [0, 1, 3, 1, 1, 1], [0, 1, 0, 1, 3, 1], [3, 1, 1, 1, 1, 1], [3, 1, 1, 0, 1, 1], [1, 1, 1, 3, 1, 1], [3, 1, 1, 0, 1, 1], [1, 1, 1, 1, 1, 3], [0, 1, 3, 0, 1, 1], [0, 1, 0, 0, 3, 1], [0, 1, 0, 0, 0, 3], [0, 1, 0, 0, 3, 1], [0, 1, 3, 0, 1, 1], [0, 1, 1, 1, 0, 3], [0, 1, 1, 3, 0, 0], [0, 1, 3, 0, 0, 0], [0, 1, 1, 3, 0, 0], [1, 1, 3, 1, 0, 0], [3, 1, 1, 1, 0, 0], [1, 1, 3, 1, 0, 0], [0, 1, 1, 1, 0, 3], [1, 3, 0, 1, 0, 0], [1, 0, 1, 0, 3, 1], [1, 0, 0, 3, 0, 0], [1, 0, 1, 0, 0, 3], [1, 0, 3, 0, 0, 0], [1, 0, 0, 3, 0, 0], [1, 3, 0, 1, 0, 0], [3, 0, 1, 0, 0, 0], [0, 3, 1, 1, 0, 0], [0, 0, 1, 3, 0, 0], [3, 0, 1, 0, 0, 0], [0, 3, 1, 1, 0, 0], [1, 0, 1, 0, 0, 3], [1, 0, 1, 0, 3, 1], [0, 0, 1, 3, 1, 0], [0, 3, 1, 1, 0, 0], [0, 0, 1, 1, 3, 0], [0, 3, 1, 1, 0, 0], [1, 3, 1, 1, 1, 1], [3, 0, 1, 1, 1, 1], [0, 0, 1, 1, 1, 3], [0, 0, 1, 3, 1, 0], [0, 0, 3, 1, 1, 1], [3, 0, 1, 1, 1, 1], [1, 3, 1, 1, 1, 1], [1, 0, 1, 1, 1, 3], [3, 0, 0, 1, 1, 1], [1, 0, 3, 1, 1, 1], [3, 0, 0, 1, 1, 1], [1, 0, 1, 1, 1, 3], [1, 0, 1, 0, 3, 0], [1, 0, 1, 3, 1, 0], [1, 0, 1, 0, 3, 0], [1, 0, 3, 0, 0, 0], [1, 0, 3, 0, 0, 1], [3, 0, 0, 0, 0, 0], [1, 0, 0, 0, 0, 3], [1, 0, 3, 0, 0, 1], [0, 0, 0, 0, 3, 0], [3, 0, 0, 0, 1, 0], [1, 0, 3, 0, 1, 0], [3, 0, 0, 0, 1, 0], [0, 0, 0, 0, 3, 0], [1, 0, 1, 0, 1, 3], [3, 1, 0, 0, 0, 1], [1, 1, 3, 0, 0, 1], [1, 1, 1, 0, 3, 1], [1, 3, 1, 0, 1, 1], [1, 0, 1, 0, 1, 3], [1, 1, 1, 0, 3, 1], [1, 1, 3, 0, 0, 1], [1, 0, 0, 0, 3, 1], [1, 3, 0, 0, 0, 1], [3, 1, 0, 0, 0, 1], [1, 0, 0, 3, 0, 1], [1, 0, 0, 0, 3, 1], [0, 0, 3, 0, 0, 1], [0, 0, 0, 3, 0, 1], [3, 0, 0, 1, 0, 1], [0, 0, 0, 1, 3, 0], [0, 0, 0, 1, 0, 3], [0, 0, 0, 3, 0, 1], [3, 0, 0, 1, 0, 0], [1, 3, 1, 1, 0, 0], [1, 0, 3, 1, 0, 0], [3, 0, 0, 1, 0, 0], [0, 0, 0, 1, 3, 0], [3, 0, 1, 1, 0, 1], [1, 0, 1, 1, 0, 3], [1, 3, 1, 1, 0, 0], [3, 0, 1, 1, 0, 1], [0, 0, 1, 1, 1, 3], [0, 0, 1, 1, 3, 1], [0, 0, 1, 1, 1, 3], [0, 0, 1, 3, 1, 0], [0, 0, 1, 0, 3, 0], [0, 0, 1, 3, 1, 0]]
========================================
