========================================
      FINAL EXPERIMENTAL STATISTICS      
========================================
Algorithm: WOA   Problem: 6-bit #1
b: 0.45   a_start: 3.0   a_end: 0.0   a_decay_power: 1.0   num_neighbors(N): 10
Trials: 100   Iterations: 3000
----------------------------------------
Best Gate Counts per Trial: [224, 210, 214, 218, 224, 224, 212, 218, 216, 216, 218, 226, 220, 222, 218, 216, 220, 222, 218, 212, 212, 224, 220, 212, 216, 210, 214, 214, 214, 218, 220, 212, 212, 226, 208, 226, 222, 210, 226, 218, 214, 228, 224, 226, 214, 208, 220, 218, 218, 218, 224, 222, 222, 216, 224, 214, 226, 214, 218, 220, 220, 224, 222, 224, 218, 218, 216, 226, 222, 220, 222, 220, 226, 220, 228, 224, 214, 218, 220, 210, 216, 214, 218, 216, 218, 210, 218, 206, 228, 210, 218, 222, 218, 206, 208, 220, 208, 220, 218, 214]
Global Minimum Gate Count:  206
Worst Gate Count:           228
Final Result (Gen 3000): 218.08 ± 5.35
Average Time per Experiment: 43.98s
----------------------------------------
Best Circuit Structure:
[[3, 0, 1, 0, 1, 1], [0, 1, 1, 3, 0, 0], [0, 3, 1, 0, 1, 1], [0, 1, 1, 0, 1, 3], [0, 1, 1, 0, 3, 0], [0, 1, 1, 3, 0, 0], [0, 1, 1, 0, 1, 3], [0, 3, 1, 0, 1, 1], [3, 0, 1, 0, 1, 1], [0, 0, 1, 3, 1, 0], [0, 3, 1, 1, 1, 0], [0, 1, 1, 1, 3, 0], [3, 1, 1, 1, 1, 1], [0, 1, 1, 1, 1, 3], [0, 3, 1, 1, 1, 0], [3, 1, 1, 1, 1, 1], [0, 0, 1, 3, 1, 0], [3, 0, 0, 1, 1, 1], [1, 0, 3, 1, 1, 1], [1, 3, 1, 1, 1, 1], [1, 0, 1, 1, 1, 3], [1, 0, 3, 1, 1, 1], [3, 0, 0, 1, 1, 1], [1, 0, 1, 3, 1, 0], [1, 0, 1, 0, 3, 0], [1, 0, 1, 3, 1, 0], [1, 0, 1, 0, 0, 3], [1, 0, 3, 0, 0, 0], [3, 0, 1, 0, 0, 1], [0, 0, 3, 0, 0, 0], [0, 0, 1, 0, 0, 3], [3, 0, 1, 0, 0, 1], [3, 0, 1, 0, 0, 0], [1, 0, 1, 0, 3, 0], [3, 0, 1, 0, 0, 0], [0, 0, 3, 0, 0, 0], [0, 3, 0, 0, 0, 1], [0, 0, 0, 0, 3, 1], [3, 0, 0, 0, 1, 1], [1, 0, 3, 0, 1, 0], [1, 0, 0, 0, 1, 3], [1, 0, 3, 0, 1, 0], [0, 0, 0, 0, 3, 1], [0, 3, 0, 0, 0, 1], [1, 0, 0, 3, 0, 1], [1, 0, 0, 0, 3, 1], [0, 0, 3, 0, 0, 1], [3, 0, 0, 0, 0, 1], [1, 0, 0, 3, 0, 1], [0, 0, 0, 0, 0, 3], [0, 0, 0, 3, 1, 0], [0, 0, 0, 0, 3, 0], [0, 0, 0, 3, 1, 0], [0, 0, 0, 0, 0, 3], [3, 0, 0, 1, 1, 0], [1, 3, 0, 1, 1, 0], [1, 1, 1, 1, 3, 0], [1, 1, 3, 1, 1, 0], [1, 1, 1, 1, 3, 0], [1, 3, 0, 1, 1, 0], [3, 0, 0, 1, 1, 0], [0, 0, 1, 1, 0, 3], [0, 3, 1, 1, 0, 0], [3, 1, 1, 1, 0, 0], [0, 3, 1, 1, 0, 0], [0, 0, 1, 1, 3, 0], [0, 0, 1, 1, 0, 3], [0, 0, 1, 0, 3, 0], [0, 0, 1, 3, 1, 0], [1, 1, 0, 3, 1, 0], [1, 3, 0, 0, 1, 0], [3, 0, 0, 0, 1, 0], [0, 0, 3, 0, 1, 0], [0, 0, 1, 0, 3, 0], [3, 0, 0, 0, 1, 0], [1, 3, 0, 0, 1, 0], [0, 1, 1, 0, 3, 0], [0, 1, 3, 0, 1, 0], [3, 1, 0, 0, 1, 0], [0, 1, 3, 0, 1, 0], [1, 1, 0, 3, 1, 0], [0, 1, 1, 0, 3, 0], [0, 1, 0, 3, 0, 0], [0, 1, 3, 0, 0, 0], [0, 1, 0, 3, 0, 0], [0, 1, 0, 1, 3, 0], [0, 0, 3, 1, 1, 1], [0, 3, 0, 1, 1, 0], [0, 0, 0, 1, 1, 3], [0, 3, 0, 1, 1, 0], [0, 1, 0, 1, 3, 0], [0, 0, 3, 1, 1, 1], [0, 1, 0, 1, 3, 1], [0, 3, 0, 1, 1, 1], [0, 0, 3, 1, 1, 1], [0, 3, 0, 1, 1, 1], [3, 1, 1, 1, 1, 0], [0, 1, 3, 1, 1, 0], [0, 1, 0, 1, 1, 3], [0, 1, 3, 1, 1, 0], [0, 1, 0, 1, 3, 1], [0, 1, 1, 3, 1, 1], [0, 1, 1, 1, 1, 3], [0, 1, 1, 3, 1, 1], [3, 1, 1, 1, 1, 0], [0, 1, 1, 0, 3, 1], [0, 1, 3, 0, 0, 0], [0, 1, 1, 0, 0, 3], [0, 1, 1, 0, 3, 1], [0, 1, 1, 3, 0, 1], [0, 1, 1, 0, 0, 3], [0, 1, 1, 3, 0, 1], [0, 1, 3, 0, 0, 0], [0, 1, 3, 1, 0, 1], [1, 1, 0, 1, 0, 3], [3, 1, 0, 1, 0, 1], [0, 1, 3, 1, 0, 1], [1, 1, 0, 1, 0, 3], [1, 1, 0, 0, 3, 0], [3, 1, 0, 0, 1, 0], [1, 1, 0, 0, 1, 3], [1, 1, 0, 3, 1, 1], [1, 1, 0, 0, 1, 3], [1, 1, 0, 0, 3, 0], [1, 1, 0, 3, 1, 0], [1, 3, 0, 1, 1, 1], [1, 1, 0, 1, 1, 3], [1, 1, 0, 3, 1, 0], [1, 0, 1, 1, 3, 1], [1, 0, 3, 1, 1, 1], [1, 0, 1, 1, 3, 1], [0, 1, 0, 0, 1, 3], [0, 1, 0, 3, 1, 0], [0, 1, 0, 0, 1, 3], [1, 3, 1, 1, 0, 0], [0, 1, 1, 0, 0, 3], [3, 1, 1, 0, 0, 0], [1, 1, 1, 3, 0, 0], [1, 3, 1, 1, 0, 0], [0, 1, 1, 0, 0, 3], [1, 1, 1, 0, 3, 1], [1, 1, 1, 0, 0, 3], [1, 1, 1, 0, 3, 1], [1, 1, 3, 0, 1, 1], [1, 1, 0, 3, 1, 1], [1, 1, 0, 1, 3, 1], [1, 1, 0, 3, 1, 1], [1, 1, 0, 3, 0, 1], [1, 0, 0, 0, 3, 0], [1, 0, 0, 3, 0, 0], [1, 0, 0, 0, 3, 0], [0, 0, 1, 0, 1, 3], [3, 0, 0, 1, 0, 0], [0, 0, 1, 0, 3, 0], [0, 0, 1, 3, 0, 0], [0, 0, 3, 1, 0, 0], [0, 0, 1, 3, 0, 0], [3, 0, 0, 1, 0, 0], [0, 0, 1, 0, 3, 0], [0, 0, 1, 0, 1, 3], [1, 1, 1, 3, 0, 1], [0, 0, 1, 0, 3, 1], [3, 0, 1, 0, 0, 1], [1, 3, 1, 0, 0, 1], [3, 0, 1, 0, 0, 1], [0, 0, 1, 0, 3, 1], [1, 1, 1, 3, 0, 1], [3, 1, 1, 0, 1, 0], [0, 1, 3, 0, 1, 0], [0, 3, 0, 0, 1, 1], [0, 1, 0, 0, 1, 3], [0, 1, 3, 0, 1, 0], [3, 1, 1, 0, 1, 0], [3, 1, 1, 0, 0, 1], [0, 1, 1, 0, 3, 1], [0, 1, 3, 0, 1, 1], [0, 1, 1, 0, 3, 1], [0, 3, 0, 0, 1, 1], [0, 1, 1, 1, 3, 1], [0, 1, 1, 3, 0, 1], [3, 1, 1, 0, 0, 1], [0, 1, 1, 1, 3, 1], [0, 1, 3, 1, 1, 1], [3, 0, 0, 0, 0, 1], [0, 3, 0, 1, 1, 1], [0, 0, 0, 3, 0, 1], [0, 0, 0, 1, 3, 1], [0, 3, 0, 1, 1, 1], [3, 0, 0, 0, 0, 1], [0, 3, 1, 1, 1, 0], [0, 0, 1, 1, 3, 0], [0, 0, 1, 1, 0, 3], [0, 0, 3, 1, 0, 1], [0, 0, 1, 1, 0, 3], [0, 0, 1, 1, 3, 0], [3, 0, 0, 1, 1, 0], [0, 0, 3, 1, 1, 0], [0, 3, 1, 1, 1, 0], [3, 0, 0, 1, 1, 0], [1, 0, 1, 1, 1, 3], [0, 0, 0, 3, 1, 0], [3, 0, 0, 1, 1, 0], [1, 0, 3, 1, 1, 0], [1, 0, 1, 1, 1, 3], [0, 0, 0, 1, 3, 0], [0, 0, 0, 3, 1, 0]]
========================================
