========================================
      FINAL EXPERIMENTAL STATISTICS      
========================================
Algorithm: WOA   Problem: 6-bit #1
b: 0.3   a_start: 2.0   a_end: 0.0   a_decay_power: 2.0   num_neighbors(N): 10
Trials: 100   Iterations: 3000
----------------------------------------
Best Gate Counts per Trial: [230, 210, 226, 220, 218, 222, 226, 216, 226, 212, 222, 224, 224, 222, 220, 214, 218, 224, 224, 218, 228, 220, 224, 222, 226, 214, 216, 218, 216, 234, 222, 220, 216, 226, 214, 218, 224, 218, 224, 222, 210, 218, 212, 214, 224, 226, 218, 220, 214, 210, 218, 218, 226, 224, 220, 224, 212, 218, 218, 214, 226, 210, 214, 218, 220, 222, 218, 232, 230, 206, 216, 210, 220, 224, 212, 228, 214, 218, 214, 218, 210, 216, 210, 212, 228, 216, 216, 222, 224, 208, 222, 226, 224, 222, 218, 218, 224, 220, 212, 222]
Global Minimum Gate Count:  206
Worst Gate Count:           234
Final Result (Gen 3000): 219.36 ± 5.68
Average Time per Experiment: 45.17s
----------------------------------------
Best Circuit Structure:
[[0, 0, 1, 1, 3, 1], [0, 1, 3, 1, 0, 1], [0, 3, 1, 1, 0, 1], [0, 0, 1, 1, 3, 1], [1, 1, 1, 1, 1, 3], [3, 1, 1, 1, 0, 1], [1, 1, 1, 1, 3, 1], [3, 1, 1, 1, 0, 1], [0, 1, 3, 1, 0, 1], [1, 1, 1, 1, 1, 3], [0, 1, 1, 0, 1, 3], [0, 1, 1, 3, 1, 0], [3, 1, 1, 1, 1, 0], [0, 1, 1, 3, 1, 0], [0, 1, 3, 0, 0, 0], [0, 1, 1, 0, 3, 0], [0, 1, 1, 0, 1, 3], [0, 1, 1, 3, 0, 0], [0, 1, 1, 1, 0, 3], [0, 1, 1, 3, 0, 0], [0, 1, 3, 0, 0, 0], [1, 1, 0, 1, 0, 3], [1, 1, 3, 1, 0, 1], [3, 1, 1, 1, 0, 1], [1, 0, 1, 3, 1, 1], [1, 0, 1, 1, 3, 1], [1, 3, 1, 1, 0, 1], [1, 0, 1, 1, 3, 1], [1, 0, 1, 3, 1, 1], [1, 1, 3, 1, 0, 1], [1, 1, 0, 1, 0, 3], [0, 1, 1, 3, 0, 0], [3, 0, 1, 0, 1, 1], [0, 3, 1, 0, 0, 0], [0, 0, 1, 0, 3, 0], [0, 0, 1, 0, 1, 3], [3, 0, 1, 0, 1, 1], [0, 3, 1, 0, 0, 0], [0, 1, 1, 3, 0, 0], [0, 3, 1, 0, 1, 0], [1, 1, 1, 3, 1, 1], [1, 1, 1, 0, 1, 3], [3, 1, 1, 0, 1, 0], [1, 1, 1, 0, 1, 3], [0, 3, 1, 0, 1, 0], [1, 1, 1, 3, 1, 1], [3, 0, 0, 1, 1, 1], [1, 0, 3, 1, 1, 1], [1, 3, 1, 1, 1, 1], [1, 0, 1, 1, 1, 3], [1, 0, 3, 1, 1, 1], [3, 0, 0, 1, 1, 1], [1, 0, 1, 3, 0, 0], [1, 0, 1, 1, 3, 0], [1, 0, 1, 3, 0, 0], [1, 0, 1, 0, 0, 3], [1, 0, 3, 0, 0, 0], [3, 0, 0, 0, 0, 0], [1, 0, 3, 0, 0, 1], [1, 0, 0, 0, 0, 3], [1, 0, 3, 0, 0, 1], [1, 0, 1, 0, 3, 0], [1, 0, 3, 0, 0, 0], [3, 0, 0, 0, 0, 0], [0, 1, 3, 0, 0, 1], [1, 0, 1, 0, 0, 3], [0, 3, 1, 0, 0, 1], [3, 0, 1, 0, 0, 1], [0, 3, 1, 0, 0, 1], [1, 0, 1, 0, 0, 3], [1, 0, 1, 0, 3, 0], [0, 1, 3, 0, 0, 1], [1, 0, 0, 0, 3, 1], [0, 3, 0, 0, 0, 1], [3, 0, 0, 0, 0, 1], [0, 3, 0, 0, 0, 1], [1, 0, 0, 3, 0, 1], [1, 0, 0, 0, 3, 1], [0, 0, 3, 0, 0, 1], [3, 0, 0, 0, 0, 1], [1, 0, 0, 3, 0, 1], [3, 0, 0, 0, 0, 1], [0, 0, 0, 1, 3, 0], [0, 0, 0, 0, 0, 3], [0, 0, 0, 3, 0, 0], [0, 0, 0, 1, 3, 0], [0, 0, 0, 0, 0, 3], [1, 3, 1, 1, 0, 0], [0, 0, 3, 1, 1, 0], [0, 0, 1, 1, 3, 0], [3, 0, 1, 1, 0, 0], [0, 0, 1, 1, 3, 0], [0, 0, 3, 1, 1, 0], [3, 0, 1, 1, 0, 1], [1, 0, 1, 1, 0, 3], [3, 0, 1, 1, 0, 1], [1, 3, 1, 1, 0, 0], [0, 0, 1, 1, 3, 1], [0, 0, 1, 1, 1, 3], [0, 0, 1, 1, 3, 1], [0, 0, 1, 3, 1, 0], [0, 0, 1, 0, 3, 0], [0, 0, 1, 3, 1, 0], [3, 1, 0, 1, 1, 0], [0, 1, 0, 3, 1, 0], [0, 1, 0, 0, 3, 0], [0, 1, 3, 0, 0, 0], [0, 3, 1, 0, 0, 0], [0, 1, 0, 0, 3, 0], [0, 1, 0, 3, 1, 0], [3, 1, 0, 1, 1, 0], [0, 1, 0, 3, 0, 0], [0, 1, 3, 0, 0, 0], [0, 1, 0, 3, 0, 0], [3, 1, 1, 0, 0, 1], [0, 3, 1, 0, 0, 1], [0, 0, 3, 0, 1, 1], [0, 0, 1, 0, 3, 1], [0, 0, 3, 0, 1, 1], [0, 3, 1, 0, 0, 1], [0, 1, 1, 3, 1, 1], [0, 1, 1, 0, 3, 1], [0, 1, 1, 3, 1, 1], [3, 1, 1, 0, 0, 1], [0, 1, 3, 1, 1, 1], [0, 1, 0, 1, 3, 1], [1, 0, 0, 3, 0, 1], [3, 1, 0, 1, 0, 1], [1, 3, 0, 1, 0, 1], [3, 1, 0, 1, 0, 1], [0, 1, 0, 1, 3, 1], [3, 0, 0, 1, 0, 1], [1, 0, 0, 3, 0, 1], [0, 0, 0, 1, 0, 3], [0, 1, 3, 1, 1, 0], [0, 3, 0, 1, 1, 0], [0, 0, 0, 1, 3, 0], [0, 3, 0, 1, 1, 0], [0, 1, 3, 1, 1, 0], [0, 0, 0, 1, 0, 3], [3, 1, 1, 1, 1, 0], [1, 3, 1, 1, 1, 0], [1, 0, 3, 1, 1, 0], [1, 3, 1, 1, 1, 0], [3, 1, 1, 1, 1, 0], [1, 0, 1, 1, 1, 3], [0, 0, 0, 3, 1, 0], [3, 0, 0, 1, 1, 0], [1, 0, 3, 1, 1, 0], [0, 0, 0, 3, 1, 0], [1, 0, 1, 1, 1, 3], [0, 0, 0, 3, 0, 0], [0, 0, 3, 0, 1, 0], [1, 3, 1, 0, 1, 0], [3, 0, 1, 0, 1, 0], [0, 0, 3, 0, 1, 0], [0, 0, 0, 0, 3, 0], [1, 3, 1, 0, 1, 0], [0, 0, 0, 3, 0, 0], [0, 0, 1, 0, 3, 1], [1, 3, 1, 1, 0, 1], [3, 0, 1, 1, 0, 1], [0, 0, 1, 3, 0, 1], [3, 0, 1, 1, 0, 1], [0, 0, 1, 0, 3, 1], [1, 0, 1, 1, 3, 1], [1, 0, 0, 3, 1, 0], [1, 0, 3, 1, 1, 0], [1, 0, 1, 1, 1, 3], [1, 0, 3, 1, 1, 0], [1, 0, 1, 1, 3, 1], [1, 3, 1, 1, 0, 1], [1, 0, 0, 1, 3, 0], [1, 0, 0, 3, 1, 0], [1, 1, 1, 0, 0, 3], [3, 1, 1, 0, 0, 1], [1, 1, 1, 0, 3, 1], [1, 1, 1, 0, 0, 3], [1, 1, 3, 0, 1, 1], [1, 1, 0, 1, 3, 1], [1, 1, 0, 3, 1, 1], [1, 1, 0, 1, 3, 1], [1, 0, 3, 1, 0, 0], [1, 1, 0, 1, 0, 3], [1, 3, 0, 1, 0, 0], [1, 1, 0, 1, 0, 3], [1, 0, 3, 1, 0, 0], [1, 1, 0, 3, 0, 1], [1, 1, 0, 0, 3, 0], [3, 1, 0, 0, 1, 0], [1, 1, 0, 3, 1, 1], [1, 1, 0, 0, 1, 3], [1, 1, 0, 3, 1, 1], [1, 1, 0, 0, 3, 0], [1, 1, 0, 3, 1, 0], [1, 1, 0, 1, 1, 3], [1, 0, 0, 1, 1, 3], [1, 3, 0, 1, 1, 0], [1, 0, 0, 1, 1, 3], [1, 1, 0, 3, 1, 0], [1, 0, 1, 1, 3, 1], [1, 0, 3, 1, 1, 1], [1, 0, 1, 1, 3, 1], [0, 1, 0, 0, 1, 3], [0, 1, 0, 3, 1, 0], [0, 1, 0, 0, 1, 3]]
========================================
