========================================
      FINAL EXPERIMENTAL STATISTICS      
========================================
Algorithm: WOA   Problem: 6-bit #1
b: 0.45   a_start: 1.0   a_end: 0.0   a_decay_power: 1.0   num_neighbors(N): 10
Trials: 100   Iterations: 3000
----------------------------------------
Best Gate Counts per Trial: [218, 198, 208, 210, 218, 216, 208, 230, 214, 210, 222, 226, 210, 230, 214, 220, 216, 222, 210, 216, 214, 216, 232, 218, 216, 226, 210, 228, 222, 226, 226, 216, 214, 224, 212, 226, 212, 222, 224, 222, 214, 214, 216, 234, 216, 220, 214, 218, 216, 220, 212, 210, 216, 214, 226, 220, 228, 216, 222, 220, 228, 218, 220, 226, 216, 228, 216, 210, 212, 226, 220, 226, 210, 222, 210, 206, 214, 218, 226, 220, 218, 206, 216, 226, 214, 218, 232, 220, 226, 220, 218, 210, 224, 226, 222, 218, 216, 222, 214, 214]
Global Minimum Gate Count:  198
Worst Gate Count:           234
Final Result (Gen 3000): 218.40 ± 6.61
Average Time per Experiment: 44.97s
----------------------------------------
Best Circuit Structure:
[[1, 0, 3, 1, 1, 0], [3, 1, 1, 1, 1, 0], [1, 3, 1, 1, 1, 0], [1, 0, 3, 1, 1, 0], [3, 1, 1, 1, 1, 0], [1, 0, 1, 1, 1, 3], [1, 0, 0, 3, 1, 0], [3, 0, 0, 0, 1, 0], [1, 0, 0, 3, 1, 0], [1, 0, 3, 1, 1, 0], [1, 0, 1, 1, 1, 3], [0, 0, 0, 1, 3, 0], [1, 3, 1, 0, 1, 0], [1, 0, 3, 0, 1, 0], [3, 0, 0, 0, 1, 0], [1, 0, 3, 0, 1, 0], [0, 0, 0, 3, 1, 0], [0, 0, 0, 1, 3, 0], [0, 0, 3, 0, 1, 1], [1, 0, 1, 0, 1, 3], [3, 0, 1, 0, 1, 1], [1, 0, 1, 0, 1, 3], [1, 3, 1, 0, 1, 0], [1, 1, 1, 0, 3, 1], [1, 3, 1, 0, 1, 1], [3, 0, 1, 0, 1, 1], [1, 3, 1, 0, 1, 1], [0, 0, 3, 0, 1, 1], [1, 1, 1, 0, 3, 1], [0, 1, 1, 1, 3, 1], [0, 1, 1, 3, 0, 1], [3, 1, 1, 0, 0, 1], [0, 1, 1, 3, 0, 1], [0, 1, 1, 1, 3, 1], [0, 1, 3, 1, 1, 1], [3, 0, 0, 0, 0, 1], [0, 0, 0, 3, 0, 1], [0, 0, 0, 1, 3, 1], [0, 3, 0, 1, 1, 1], [0, 0, 0, 1, 3, 1], [3, 0, 0, 0, 0, 1], [3, 0, 1, 0, 1, 1], [1, 1, 1, 1, 3, 1], [1, 3, 1, 0, 1, 1], [1, 1, 1, 3, 1, 1], [1, 3, 1, 0, 1, 1], [1, 1, 1, 1, 3, 1], [3, 0, 1, 0, 1, 1], [1, 0, 0, 3, 1, 0], [1, 0, 0, 1, 3, 0], [1, 0, 3, 1, 0, 0], [1, 0, 1, 1, 0, 3], [1, 3, 1, 1, 0, 1], [1, 0, 1, 1, 0, 3], [1, 0, 3, 1, 0, 0], [1, 0, 0, 3, 1, 0], [1, 1, 0, 0, 3, 0], [3, 1, 0, 0, 1, 0], [1, 1, 0, 0, 3, 0], [1, 1, 0, 3, 1, 1], [1, 1, 0, 0, 1, 3], [1, 1, 0, 0, 3, 0], [1, 1, 0, 3, 1, 1], [1, 3, 0, 0, 1, 0], [1, 0, 0, 3, 1, 0], [1, 0, 0, 1, 1, 3], [1, 0, 0, 3, 1, 0], [1, 3, 0, 0, 1, 0], [1, 0, 3, 1, 0, 1], [1, 0, 0, 1, 3, 1], [1, 0, 3, 1, 0, 1], [0, 1, 0, 0, 1, 3], [0, 1, 0, 3, 1, 0], [0, 1, 0, 0, 1, 3], [3, 1, 1, 0, 0, 1], [1, 1, 1, 0, 0, 3], [3, 1, 1, 0, 0, 1], [1, 1, 1, 0, 1, 3], [1, 1, 1, 0, 3, 0], [1, 1, 1, 0, 1, 3], [1, 1, 3, 0, 1, 1], [1, 1, 0, 3, 0, 1], [1, 1, 0, 0, 3, 1], [1, 3, 0, 0, 0, 1], [1, 0, 3, 1, 0, 0], [1, 0, 0, 0, 0, 3], [1, 0, 0, 3, 0, 0], [1, 0, 0, 0, 0, 3], [1, 3, 0, 0, 0, 1], [1, 0, 3, 1, 0, 0], [1, 0, 1, 3, 1, 1], [0, 1, 1, 1, 3, 0], [3, 0, 1, 1, 1, 1], [0, 1, 1, 1, 1, 3], [0, 3, 1, 1, 1, 1], [0, 1, 1, 1, 1, 3], [3, 0, 1, 1, 1, 1], [1, 0, 1, 3, 1, 1], [0, 0, 1, 3, 1, 0], [0, 3, 1, 1, 1, 0], [0, 1, 1, 1, 3, 0], [1, 3, 1, 1, 1, 1], [3, 0, 1, 1, 1, 1], [0, 0, 1, 1, 1, 3], [3, 0, 1, 1, 1, 1], [0, 0, 1, 3, 1, 0], [1, 3, 1, 1, 1, 1], [3, 0, 0, 1, 1, 1], [1, 0, 3, 1, 1, 1], [1, 3, 1, 1, 1, 1], [1, 0, 1, 1, 1, 3], [1, 0, 3, 1, 1, 1], [3, 0, 0, 1, 1, 1], [1, 0, 1, 3, 1, 0], [1, 0, 1, 0, 3, 0], [1, 0, 1, 3, 1, 0], [1, 0, 1, 0, 0, 3], [1, 0, 3, 0, 0, 0], [0, 0, 0, 0, 0, 3], [3, 0, 1, 0, 0, 1], [0, 0, 3, 0, 0, 1], [3, 0, 1, 0, 0, 1], [0, 0, 0, 0, 0, 3], [1, 0, 3, 0, 1, 0], [1, 0, 0, 0, 3, 0], [0, 3, 0, 0, 0, 1], [0, 0, 0, 0, 0, 3], [3, 0, 0, 0, 0, 0], [1, 0, 0, 0, 3, 0], [1, 0, 3, 0, 1, 0], [0, 0, 0, 0, 3, 1], [3, 0, 0, 0, 1, 1], [0, 0, 0, 0, 3, 1], [0, 3, 0, 0, 0, 1], [1, 0, 0, 3, 0, 1], [1, 0, 0, 0, 3, 1], [0, 0, 3, 0, 0, 1], [3, 0, 0, 0, 0, 1], [1, 0, 0, 3, 0, 1], [0, 0, 0, 1, 3, 0], [0, 0, 0, 1, 0, 3], [0, 0, 0, 3, 0, 1], [0, 0, 0, 1, 0, 3], [0, 3, 0, 1, 0, 0], [3, 1, 1, 1, 0, 0], [0, 1, 3, 1, 0, 0], [0, 3, 0, 1, 0, 0], [3, 1, 1, 1, 0, 0], [0, 0, 0, 1, 3, 0], [3, 1, 1, 1, 0, 0], [0, 0, 1, 1, 0, 3], [0, 3, 1, 1, 0, 0], [3, 1, 1, 1, 0, 0], [0, 0, 1, 1, 3, 0], [0, 0, 1, 1, 0, 3], [0, 0, 1, 0, 3, 0], [1, 1, 3, 1, 1, 0], [3, 0, 1, 1, 1, 0], [1, 3, 1, 1, 1, 0], [3, 0, 1, 1, 1, 0], [1, 1, 3, 1, 1, 0], [0, 0, 1, 3, 1, 0], [0, 0, 1, 0, 3, 0], [0, 1, 1, 3, 0, 0], [3, 1, 0, 1, 1, 0], [0, 1, 3, 1, 0, 0], [0, 1, 0, 1, 3, 0], [3, 1, 0, 1, 1, 0], [0, 1, 1, 3, 0, 0], [0, 1, 0, 1, 0, 3], [0, 3, 0, 1, 0, 1], [0, 0, 1, 1, 3, 1], [0, 0, 3, 1, 0, 1], [0, 3, 0, 1, 0, 1], [0, 1, 0, 1, 0, 3], [0, 1, 3, 1, 0, 1], [0, 3, 1, 1, 0, 1], [0, 0, 1, 1, 3, 1], [0, 1, 1, 1, 3, 1], [1, 1, 1, 1, 1, 3], [3, 1, 1, 1, 1, 1], [0, 1, 1, 1, 3, 1], [0, 1, 3, 1, 0, 1], [3, 1, 1, 1, 1, 1], [0, 1, 1, 3, 1, 1], [3, 1, 1, 1, 1, 1], [1, 1, 1, 1, 1, 3], [0, 1, 3, 0, 1, 1], [0, 1, 0, 0, 0, 3], [0, 1, 0, 0, 3, 1], [0, 1, 3, 0, 1, 1], [0, 1, 0, 0, 0, 3], [0, 1, 3, 1, 0, 1], [0, 1, 0, 1, 0, 3], [0, 1, 0, 3, 0, 0], [3, 1, 0, 1, 0, 0], [0, 1, 0, 1, 0, 3], [0, 1, 3, 1, 0, 1]]
========================================
