========================================
      FINAL EXPERIMENTAL STATISTICS      
========================================
Algorithm: WOA   Problem: 6-bit #1
b: 0.3   a_start: 1.0   a_end: 0.0   a_decay_power: 1.0   num_neighbors(N): 10
Trials: 100   Iterations: 3000
----------------------------------------
Best Gate Counts per Trial: [218, 212, 214, 222, 210, 216, 222, 220, 220, 218, 222, 218, 216, 230, 226, 230, 222, 224, 218, 216, 220, 222, 216, 226, 226, 220, 220, 198, 224, 224, 218, 226, 224, 224, 224, 222, 220, 212, 226, 226, 214, 218, 218, 220, 228, 216, 224, 214, 224, 214, 230, 222, 220, 214, 226, 208, 214, 224, 218, 208, 214, 228, 206, 224, 220, 214, 220, 212, 224, 224, 214, 218, 224, 218, 214, 216, 212, 214, 224, 214, 224, 232, 224, 210, 212, 214, 214, 216, 218, 228, 222, 216, 214, 222, 218, 228, 222, 208, 216, 220]
Global Minimum Gate Count:  198
Worst Gate Count:           232
Final Result (Gen 3000): 219.18 ± 5.95
Average Time per Experiment: 45.10s
----------------------------------------
Best Circuit Structure:
[[3, 1, 1, 0, 0, 1], [1, 3, 1, 1, 0, 0], [1, 1, 1, 0, 0, 3], [1, 1, 1, 3, 0, 0], [1, 3, 1, 1, 0, 0], [3, 1, 1, 0, 0, 1], [1, 1, 1, 0, 3, 0], [1, 1, 1, 0, 1, 3], [1, 1, 1, 0, 3, 0], [1, 1, 3, 0, 1, 1], [1, 1, 0, 3, 0, 1], [1, 1, 0, 0, 3, 1], [1, 1, 0, 0, 3, 0], [3, 1, 0, 0, 1, 0], [1, 1, 0, 1, 1, 3], [1, 1, 0, 3, 1, 0], [1, 1, 0, 0, 3, 0], [1, 1, 0, 1, 1, 3], [1, 1, 0, 3, 1, 0], [1, 3, 0, 1, 1, 1], [1, 1, 0, 1, 1, 3], [1, 1, 0, 3, 1, 0], [1, 0, 1, 1, 3, 1], [1, 0, 3, 1, 1, 1], [1, 0, 1, 1, 3, 1], [0, 0, 1, 0, 3, 1], [1, 1, 1, 3, 0, 1], [3, 0, 1, 0, 0, 1], [1, 3, 1, 0, 0, 1], [3, 0, 1, 0, 0, 1], [1, 1, 1, 3, 0, 1], [0, 0, 1, 0, 3, 1], [1, 0, 0, 0, 3, 0], [1, 3, 1, 1, 0, 1], [1, 0, 0, 3, 0, 0], [1, 0, 3, 1, 0, 0], [1, 0, 1, 1, 0, 3], [1, 3, 1, 1, 0, 1], [1, 0, 3, 1, 0, 0], [1, 0, 0, 0, 3, 0], [0, 1, 0, 0, 1, 3], [0, 1, 0, 3, 1, 0], [0, 1, 0, 0, 1, 3], [1, 3, 0, 0, 1, 1], [1, 1, 0, 0, 3, 1], [3, 1, 0, 0, 0, 1], [1, 1, 0, 0, 3, 1], [1, 3, 0, 0, 1, 1], [1, 0, 0, 3, 0, 1], [1, 0, 0, 0, 3, 1], [0, 0, 3, 0, 0, 1], [3, 0, 0, 0, 0, 1], [1, 0, 0, 3, 0, 1], [0, 0, 0, 1, 1, 3], [0, 0, 0, 3, 0, 1], [0, 0, 0, 1, 3, 1], [0, 0, 0, 3, 0, 1], [0, 0, 0, 1, 1, 3], [3, 1, 1, 1, 0, 0], [0, 3, 1, 1, 0, 0], [0, 0, 1, 1, 3, 0], [0, 0, 3, 1, 1, 0], [0, 0, 1, 1, 3, 0], [0, 0, 1, 1, 0, 3], [0, 3, 1, 1, 0, 0], [3, 1, 1, 1, 0, 0], [0, 0, 1, 1, 3, 1], [0, 0, 1, 1, 1, 3], [0, 0, 1, 1, 3, 1], [0, 0, 1, 3, 0, 0], [1, 1, 3, 1, 1, 0], [3, 0, 1, 1, 1, 0], [1, 3, 1, 1, 1, 0], [3, 0, 1, 1, 1, 0], [0, 0, 1, 1, 3, 0], [0, 0, 1, 3, 0, 0], [0, 1, 1, 0, 3, 0], [3, 1, 1, 0, 1, 0], [1, 1, 1, 3, 1, 0], [3, 1, 1, 0, 1, 0], [0, 1, 1, 0, 3, 0], [1, 1, 3, 1, 1, 0], [0, 1, 3, 0, 0, 0], [0, 1, 0, 3, 0, 0], [0, 1, 3, 0, 0, 0], [0, 3, 1, 1, 1, 1], [0, 1, 1, 1, 3, 1], [0, 1, 3, 1, 0, 1], [0, 1, 0, 1, 0, 3], [0, 1, 1, 1, 3, 1], [0, 3, 1, 1, 1, 1], [3, 1, 0, 1, 0, 1], [1, 1, 1, 1, 1, 3], [1, 1, 1, 1, 3, 1], [1, 1, 3, 1, 0, 1], [3, 1, 0, 1, 0, 1], [1, 1, 1, 1, 3, 1], [1, 1, 1, 1, 1, 3], [0, 1, 1, 0, 1, 3], [0, 1, 1, 3, 1, 0], [3, 1, 1, 1, 1, 0], [0, 1, 1, 3, 1, 0], [0, 1, 3, 0, 1, 0], [0, 1, 0, 0, 3, 0], [0, 1, 3, 0, 1, 0], [0, 1, 1, 0, 1, 3], [0, 1, 1, 1, 0, 3], [0, 1, 0, 3, 0, 0], [0, 1, 3, 1, 0, 0], [0, 1, 0, 3, 0, 0], [1, 1, 3, 1, 0, 0], [3, 1, 1, 1, 0, 0], [0, 1, 1, 1, 0, 3], [1, 1, 1, 3, 0, 0], [1, 0, 1, 0, 1, 3], [1, 3, 1, 0, 1, 0], [1, 1, 1, 0, 3, 0], [1, 1, 1, 3, 0, 0], [1, 1, 3, 1, 0, 0], [1, 3, 1, 0, 1, 0], [0, 3, 1, 1, 0, 0], [0, 0, 1, 1, 3, 0], [0, 0, 1, 3, 1, 0], [3, 0, 1, 0, 1, 0], [1, 0, 1, 0, 1, 3], [0, 0, 1, 1, 3, 0], [0, 3, 1, 1, 0, 0], [0, 3, 1, 0, 1, 0], [0, 1, 1, 3, 1, 0], [1, 1, 1, 1, 1, 3], [3, 1, 1, 1, 1, 0], [1, 1, 1, 1, 1, 3], [0, 1, 1, 3, 1, 0], [0, 3, 1, 0, 1, 0], [0, 0, 3, 1, 1, 1], [3, 1, 1, 1, 1, 1], [0, 3, 1, 1, 1, 1], [3, 1, 1, 1, 1, 1], [0, 0, 1, 1, 1, 3], [3, 0, 1, 1, 1, 0], [0, 0, 1, 1, 1, 3], [0, 0, 3, 1, 1, 1], [1, 0, 1, 3, 0, 0], [1, 0, 1, 1, 3, 0], [1, 0, 1, 3, 0, 0], [1, 0, 1, 0, 0, 3], [1, 0, 3, 0, 0, 0], [0, 0, 0, 0, 0, 3], [3, 0, 1, 0, 0, 1], [0, 0, 3, 0, 0, 1], [0, 0, 0, 0, 0, 3], [3, 0, 1, 0, 0, 1], [0, 0, 3, 0, 0, 0], [3, 0, 1, 0, 1, 0], [0, 0, 1, 0, 3, 0], [3, 0, 1, 0, 1, 0], [0, 0, 3, 0, 0, 0], [3, 1, 1, 0, 1, 0], [0, 3, 0, 0, 1, 1], [0, 1, 0, 0, 1, 3], [0, 1, 3, 0, 1, 0], [0, 1, 0, 0, 1, 3], [3, 1, 1, 0, 1, 0], [1, 1, 1, 0, 3, 1], [0, 1, 3, 0, 1, 1], [3, 1, 1, 0, 1, 1], [0, 1, 3, 0, 1, 1], [0, 3, 0, 0, 1, 1], [0, 1, 1, 3, 1, 1], [3, 1, 1, 0, 1, 1], [0, 1, 1, 3, 1, 1], [1, 1, 1, 0, 3, 1], [0, 1, 3, 1, 1, 1], [0, 3, 0, 1, 1, 1], [1, 0, 0, 3, 0, 1], [3, 0, 0, 1, 0, 1], [0, 0, 0, 1, 3, 1], [0, 3, 0, 1, 1, 1], [1, 0, 0, 3, 0, 1], [0, 1, 1, 1, 3, 0], [0, 3, 0, 1, 0, 1], [0, 1, 3, 1, 0, 0], [0, 1, 0, 1, 0, 3], [0, 1, 3, 1, 0, 0], [0, 3, 0, 1, 0, 1], [0, 1, 1, 1, 3, 0], [1, 3, 0, 1, 1, 0], [3, 1, 1, 1, 1, 0], [1, 1, 3, 1, 1, 0], [1, 3, 0, 1, 1, 0], [3, 1, 1, 1, 1, 0], [1, 0, 1, 1, 1, 3], [0, 0, 0, 3, 1, 0], [3, 0, 0, 1, 1, 0], [1, 0, 3, 1, 1, 0], [1, 0, 1, 1, 1, 3], [0, 0, 0, 1, 3, 0], [0, 0, 0, 3, 1, 0]]
========================================
