========================================
      FINAL EXPERIMENTAL STATISTICS      
========================================
Algorithm: WOA   Problem: 6-bit #1
b: 0.45   a_start: 2.0   a_end: 0.0   a_decay_power: 1.0   num_neighbors(N): 10
Trials: 100   Iterations: 3000
----------------------------------------
Best Gate Counts per Trial: [220, 220, 208, 222, 220, 224, 222, 226, 220, 208, 218, 212, 206, 212, 226, 230, 212, 214, 216, 218, 220, 228, 208, 208, 220, 212, 218, 220, 214, 218, 224, 212, 214, 226, 216, 222, 218, 214, 216, 214, 206, 220, 218, 214, 212, 212, 220, 214, 226, 218, 220, 212, 232, 214, 216, 210, 228, 216, 216, 218, 216, 216, 222, 220, 226, 220, 214, 222, 218, 218, 216, 216, 218, 220, 218, 210, 214, 218, 206, 218, 224, 216, 218, 220, 220, 224, 222, 222, 216, 216, 220, 212, 214, 222, 212, 224, 214, 214, 216, 226]
Global Minimum Gate Count:  206
Worst Gate Count:           232
Final Result (Gen 3000): 217.56 ± 5.35
Average Time per Experiment: 43.30s
----------------------------------------
Best Circuit Structure:
[[0, 1, 1, 3, 0, 0], [3, 1, 1, 0, 0, 0], [1, 3, 1, 0, 1, 1], [1, 1, 1, 0, 3, 0], [1, 1, 1, 0, 1, 3], [1, 3, 1, 0, 1, 1], [1, 1, 1, 0, 3, 0], [3, 1, 1, 0, 0, 0], [0, 3, 1, 0, 1, 0], [0, 1, 1, 0, 3, 0], [0, 1, 1, 3, 0, 0], [0, 1, 1, 0, 1, 3], [0, 1, 1, 3, 1, 1], [3, 1, 1, 1, 1, 1], [0, 1, 1, 3, 1, 1], [0, 1, 1, 0, 1, 3], [0, 3, 1, 0, 1, 0], [0, 0, 3, 1, 1, 1], [3, 0, 1, 1, 1, 1], [1, 3, 1, 1, 1, 1], [1, 0, 1, 1, 1, 3], [3, 0, 1, 1, 1, 1], [0, 0, 3, 1, 1, 1], [1, 0, 1, 1, 3, 0], [1, 0, 1, 3, 0, 0], [1, 0, 1, 1, 3, 0], [1, 0, 1, 0, 0, 3], [1, 0, 3, 0, 0, 0], [0, 0, 0, 0, 0, 3], [1, 0, 3, 0, 0, 1], [3, 0, 0, 0, 0, 1], [0, 0, 0, 0, 0, 3], [1, 0, 3, 0, 0, 1], [3, 0, 1, 0, 1, 0], [0, 0, 3, 0, 1, 0], [0, 3, 0, 0, 0, 1], [0, 0, 0, 0, 0, 3], [0, 3, 0, 0, 0, 1], [0, 0, 0, 0, 3, 0], [0, 0, 3, 0, 1, 0], [3, 0, 1, 0, 1, 0], [1, 0, 0, 0, 3, 1], [0, 3, 0, 0, 0, 1], [3, 0, 0, 0, 0, 1], [0, 3, 0, 0, 0, 1], [1, 0, 0, 3, 0, 1], [1, 0, 0, 0, 3, 1], [0, 0, 3, 0, 0, 1], [0, 0, 0, 3, 0, 1], [3, 0, 0, 1, 0, 1], [0, 0, 0, 1, 3, 1], [0, 0, 0, 1, 1, 3], [0, 0, 0, 1, 3, 1], [0, 0, 0, 3, 0, 1], [3, 1, 1, 1, 0, 0], [0, 0, 3, 1, 1, 0], [0, 1, 1, 1, 3, 0], [0, 3, 1, 1, 1, 0], [0, 0, 3, 1, 1, 0], [0, 1, 1, 1, 3, 0], [0, 0, 1, 1, 0, 3], [0, 3, 1, 1, 0, 0], [0, 0, 1, 1, 0, 3], [3, 1, 1, 1, 0, 0], [0, 0, 1, 1, 1, 3], [0, 0, 1, 1, 3, 1], [0, 0, 1, 1, 1, 3], [0, 0, 1, 0, 3, 0], [3, 1, 0, 1, 1, 0], [0, 1, 3, 1, 1, 0], [0, 3, 1, 1, 1, 0], [0, 0, 1, 3, 1, 0], [0, 0, 1, 0, 3, 0], [0, 1, 1, 1, 3, 0], [0, 1, 1, 3, 0, 0], [0, 1, 1, 1, 3, 0], [0, 1, 3, 1, 1, 0], [3, 1, 0, 1, 1, 0], [0, 1, 0, 3, 0, 0], [0, 1, 3, 0, 0, 0], [0, 1, 0, 3, 0, 0], [0, 0, 1, 1, 3, 1], [0, 0, 3, 1, 0, 1], [0, 1, 0, 1, 0, 3], [0, 3, 0, 1, 0, 1], [0, 1, 0, 1, 0, 3], [0, 0, 3, 1, 0, 1], [0, 1, 3, 1, 0, 1], [0, 3, 1, 1, 0, 1], [0, 1, 3, 1, 0, 1], [0, 0, 1, 1, 3, 1], [1, 1, 1, 1, 1, 3], [0, 1, 0, 1, 3, 1], [1, 1, 3, 1, 1, 1], [3, 1, 0, 1, 1, 1], [1, 1, 3, 1, 1, 1], [1, 1, 1, 1, 1, 3], [0, 1, 0, 1, 3, 1], [0, 1, 1, 0, 1, 3], [0, 1, 1, 3, 1, 0], [3, 1, 1, 1, 1, 0], [0, 1, 1, 3, 1, 0], [0, 1, 3, 0, 0, 0], [0, 1, 1, 0, 3, 0], [0, 1, 1, 0, 1, 3], [0, 1, 1, 3, 0, 0], [0, 1, 1, 1, 0, 3], [0, 1, 1, 3, 0, 0], [0, 1, 3, 0, 0, 0], [3, 1, 1, 1, 0, 1], [1, 1, 0, 1, 0, 3], [1, 1, 3, 1, 0, 1], [3, 1, 1, 1, 0, 1], [1, 1, 0, 1, 0, 3], [3, 1, 0, 0, 1, 0], [1, 1, 0, 0, 3, 0], [3, 1, 0, 0, 1, 0], [1, 1, 0, 3, 1, 1], [1, 1, 0, 0, 1, 3], [1, 1, 0, 0, 3, 0], [1, 1, 0, 3, 1, 1], [1, 0, 0, 3, 1, 1], [1, 3, 0, 0, 1, 0], [1, 0, 0, 0, 1, 3], [1, 3, 0, 0, 1, 0], [1, 0, 0, 3, 1, 1], [1, 0, 1, 1, 3, 1], [1, 0, 3, 1, 1, 1], [1, 0, 1, 1, 3, 1], [1, 0, 0, 1, 3, 0], [1, 0, 0, 3, 1, 0], [3, 0, 1, 0, 1, 1], [1, 0, 3, 1, 1, 0], [1, 0, 1, 0, 1, 3], [1, 0, 1, 3, 1, 0], [1, 0, 3, 1, 1, 0], [1, 0, 0, 1, 3, 0], [1, 0, 1, 0, 1, 3], [1, 1, 1, 3, 0, 1], [1, 3, 1, 0, 1, 1], [1, 1, 1, 0, 3, 1], [1, 1, 1, 3, 0, 1], [1, 3, 1, 0, 1, 1], [3, 0, 1, 0, 1, 1], [0, 1, 0, 0, 1, 3], [0, 1, 0, 3, 1, 0], [0, 1, 0, 0, 1, 3], [1, 1, 1, 0, 0, 3], [3, 1, 1, 0, 0, 1], [1, 1, 1, 0, 3, 1], [1, 1, 1, 0, 0, 3], [1, 1, 3, 0, 1, 1], [1, 1, 0, 3, 1, 1], [1, 1, 0, 1, 3, 1], [1, 1, 0, 3, 1, 1], [1, 3, 1, 1, 0, 0], [1, 1, 1, 1, 0, 3], [1, 1, 3, 1, 0, 1], [1, 1, 1, 1, 0, 3], [1, 1, 0, 3, 0, 1], [1, 3, 1, 1, 0, 0], [0, 3, 0, 0, 1, 1], [0, 1, 0, 0, 1, 3], [3, 1, 1, 0, 1, 0], [0, 1, 3, 0, 1, 0], [0, 1, 0, 0, 1, 3], [0, 3, 0, 0, 1, 1], [3, 1, 1, 0, 1, 0], [3, 0, 0, 0, 1, 1], [1, 1, 1, 0, 3, 1], [1, 3, 0, 0, 1, 1], [1, 1, 3, 0, 1, 1], [1, 3, 0, 0, 1, 1], [3, 0, 0, 0, 1, 1], [3, 1, 1, 1, 1, 1], [1, 1, 1, 3, 1, 1], [3, 1, 1, 1, 1, 1], [1, 1, 1, 0, 3, 1], [0, 1, 3, 1, 1, 1], [3, 0, 0, 0, 0, 1], [0, 0, 0, 3, 0, 1], [0, 1, 0, 1, 3, 1], [0, 3, 0, 1, 0, 1], [0, 1, 0, 1, 3, 1], [3, 0, 0, 0, 0, 1], [0, 1, 3, 1, 1, 0], [0, 3, 0, 1, 1, 0], [0, 0, 0, 1, 0, 3], [0, 0, 0, 1, 3, 0], [0, 3, 0, 1, 1, 0], [0, 1, 3, 1, 1, 0], [0, 0, 0, 1, 0, 3], [1, 0, 3, 1, 1, 0], [3, 1, 1, 1, 1, 0], [1, 3, 1, 1, 1, 0], [3, 1, 1, 1, 1, 0], [1, 0, 1, 1, 1, 3], [1, 0, 3, 1, 1, 0], [0, 0, 0, 3, 1, 0], [0, 0, 0, 1, 1, 3], [1, 0, 3, 1, 1, 1], [3, 0, 0, 1, 1, 1], [0, 0, 0, 1, 1, 3], [1, 0, 3, 1, 1, 1], [0, 0, 0, 1, 3, 0], [0, 0, 0, 3, 1, 0]]
========================================
