========================================
      FINAL EXPERIMENTAL STATISTICS      
========================================
Algorithm: WOA   Problem: 6-bit #1
b: 0.3   a_start: 2.0   a_end: 0.0   a_decay_power: 0.5   num_neighbors(N): 10
Trials: 100   Iterations: 3000
----------------------------------------
Best Gate Counts per Trial: [212, 212, 218, 216, 224, 216, 222, 218, 214, 208, 226, 224, 230, 222, 224, 218, 200, 228, 218, 218, 218, 222, 216, 214, 218, 216, 226, 208, 214, 214, 230, 200, 224, 224, 212, 224, 208, 208, 212, 212, 220, 228, 216, 210, 216, 212, 224, 214, 220, 206, 220, 236, 206, 218, 216, 206, 212, 224, 218, 218, 220, 212, 214, 220, 214, 202, 212, 218, 228, 202, 212, 210, 214, 216, 208, 220, 216, 220, 216, 226, 212, 214, 214, 216, 220, 212, 218, 210, 226, 216, 216, 214, 216, 222, 218, 210, 208, 210, 236, 212]
Global Minimum Gate Count:  200
Worst Gate Count:           236
Final Result (Gen 3000): 216.48 ± 6.97
Average Time per Experiment: 43.70s
----------------------------------------
Best Circuit Structure:
[[0, 1, 0, 0, 1, 3], [0, 1, 0, 3, 1, 0], [0, 1, 0, 0, 1, 3], [1, 1, 3, 1, 1, 1], [3, 1, 0, 1, 1, 1], [0, 3, 0, 1, 1, 1], [3, 1, 0, 1, 1, 1], [1, 1, 3, 1, 1, 1], [1, 0, 1, 1, 1, 3], [0, 0, 3, 1, 1, 1], [3, 0, 1, 1, 1, 1], [0, 0, 3, 1, 1, 1], [1, 0, 1, 1, 1, 3], [1, 0, 1, 3, 0, 0], [1, 0, 1, 1, 3, 0], [1, 0, 1, 3, 0, 0], [1, 0, 1, 0, 0, 3], [1, 0, 3, 0, 0, 0], [0, 0, 3, 0, 0, 0], [3, 0, 1, 0, 0, 1], [0, 0, 1, 0, 0, 3], [3, 0, 1, 0, 0, 1], [1, 0, 1, 0, 3, 0], [3, 0, 1, 0, 0, 0], [0, 0, 3, 0, 0, 0], [1, 0, 1, 0, 0, 3], [3, 1, 0, 0, 0, 1], [1, 1, 3, 0, 0, 1], [1, 3, 1, 0, 0, 1], [1, 0, 1, 0, 0, 3], [1, 0, 1, 0, 3, 0], [1, 1, 3, 0, 0, 1], [1, 0, 0, 0, 3, 1], [1, 3, 0, 0, 0, 1], [3, 1, 0, 0, 0, 1], [1, 0, 0, 3, 0, 1], [1, 0, 0, 0, 3, 1], [0, 0, 3, 0, 0, 1], [0, 0, 0, 3, 0, 1], [3, 0, 0, 1, 0, 1], [0, 0, 0, 1, 3, 0], [0, 0, 0, 1, 0, 3], [0, 0, 0, 3, 0, 1], [3, 0, 0, 1, 0, 0], [1, 1, 3, 1, 0, 0], [1, 3, 0, 1, 0, 0], [1, 1, 3, 1, 0, 0], [3, 0, 0, 1, 0, 0], [0, 0, 0, 1, 3, 0], [0, 0, 1, 1, 0, 3], [3, 1, 1, 1, 0, 0], [0, 3, 1, 1, 0, 0], [3, 1, 1, 1, 0, 0], [0, 0, 1, 1, 3, 0], [0, 0, 1, 1, 0, 3], [0, 0, 1, 0, 3, 0], [1, 3, 0, 1, 1, 0], [3, 0, 0, 1, 1, 0], [0, 0, 3, 1, 1, 0], [0, 0, 1, 3, 1, 0], [3, 0, 0, 1, 1, 0], [1, 3, 0, 1, 1, 0], [0, 0, 1, 0, 3, 0], [3, 1, 0, 1, 1, 0], [0, 1, 3, 0, 0, 0], [0, 1, 0, 3, 0, 0], [0, 1, 0, 1, 3, 0], [3, 1, 0, 1, 1, 0], [0, 1, 3, 0, 0, 0], [0, 0, 1, 1, 1, 3], [0, 3, 0, 1, 0, 0], [0, 0, 0, 1, 3, 0], [0, 0, 3, 1, 1, 0], [0, 0, 1, 1, 1, 3], [0, 0, 0, 1, 3, 0], [0, 3, 0, 1, 0, 0], [0, 3, 1, 1, 1, 1], [0, 1, 0, 1, 3, 1], [0, 1, 3, 1, 1, 1], [0, 3, 1, 1, 1, 1], [1, 1, 1, 1, 1, 3], [1, 1, 3, 1, 1, 1], [3, 1, 0, 1, 1, 1], [1, 1, 3, 1, 1, 1], [0, 1, 0, 1, 3, 1], [0, 1, 1, 3, 1, 1], [3, 1, 1, 1, 1, 1], [1, 1, 1, 1, 1, 3], [0, 1, 1, 3, 1, 1], [0, 1, 3, 0, 0, 0], [0, 1, 1, 0, 1, 3], [0, 1, 1, 0, 3, 0], [0, 1, 1, 0, 1, 3], [0, 1, 1, 3, 0, 0], [0, 1, 1, 1, 0, 3], [0, 1, 1, 3, 0, 0], [0, 1, 3, 0, 0, 0], [1, 1, 0, 1, 0, 3], [1, 1, 3, 1, 0, 1], [3, 1, 1, 1, 0, 1], [1, 1, 1, 3, 0, 1], [1, 3, 1, 0, 1, 1], [1, 1, 1, 0, 3, 1], [1, 1, 1, 3, 0, 1], [1, 1, 3, 1, 0, 1], [1, 1, 0, 1, 0, 3], [1, 3, 1, 0, 1, 1], [0, 1, 1, 3, 0, 0], [0, 3, 1, 0, 0, 0], [3, 0, 1, 0, 1, 1], [0, 0, 1, 0, 3, 0], [0, 0, 1, 0, 1, 3], [3, 0, 1, 0, 1, 1], [0, 3, 1, 0, 0, 0], [0, 1, 1, 3, 0, 0], [0, 3, 0, 0, 1, 1], [3, 1, 0, 0, 1, 1], [1, 1, 3, 0, 1, 1], [1, 1, 1, 0, 1, 3], [1, 1, 3, 0, 1, 1], [1, 1, 1, 0, 3, 1], [1, 1, 3, 0, 1, 1], [3, 1, 0, 0, 1, 1], [0, 3, 0, 0, 1, 1], [0, 1, 1, 3, 1, 1], [3, 1, 1, 0, 1, 1], [1, 1, 1, 0, 3, 1], [0, 1, 1, 3, 1, 1], [0, 1, 3, 1, 1, 1], [3, 0, 0, 0, 0, 1], [0, 0, 0, 3, 0, 1], [0, 1, 0, 1, 3, 1], [0, 3, 0, 1, 0, 1], [0, 1, 0, 1, 3, 1], [3, 0, 0, 0, 0, 1], [0, 1, 1, 1, 3, 0], [0, 1, 3, 1, 0, 0], [0, 3, 0, 1, 0, 1], [0, 1, 0, 1, 0, 3], [0, 1, 3, 1, 0, 0], [0, 3, 0, 1, 0, 1], [0, 1, 1, 1, 3, 0], [1, 0, 3, 1, 1, 0], [3, 1, 1, 1, 1, 0], [1, 3, 1, 1, 1, 0], [3, 1, 1, 1, 1, 0], [1, 0, 1, 1, 1, 3], [1, 0, 3, 1, 1, 0], [1, 0, 3, 1, 1, 1], [0, 0, 0, 3, 1, 0], [1, 0, 0, 1, 1, 3], [3, 0, 0, 1, 1, 0], [1, 0, 0, 1, 1, 3], [1, 0, 3, 1, 1, 1], [0, 0, 0, 1, 3, 0], [0, 0, 0, 3, 1, 0], [1, 0, 0, 1, 3, 0], [0, 0, 3, 0, 1, 1], [3, 0, 0, 0, 1, 1], [1, 0, 0, 0, 1, 3], [3, 0, 0, 0, 1, 1], [0, 0, 3, 0, 1, 1], [1, 0, 0, 3, 1, 0], [1, 0, 0, 1, 3, 0], [1, 1, 1, 3, 0, 1], [3, 0, 1, 0, 1, 1], [1, 0, 1, 0, 3, 1], [1, 3, 1, 0, 0, 1], [1, 0, 1, 0, 3, 1], [1, 1, 1, 3, 0, 1], [3, 0, 1, 0, 1, 1], [1, 1, 0, 0, 3, 0], [3, 1, 0, 0, 1, 0], [1, 1, 0, 3, 1, 1], [1, 1, 0, 0, 1, 3], [1, 1, 0, 0, 3, 0], [1, 1, 0, 0, 1, 3], [1, 1, 0, 3, 1, 1], [1, 3, 0, 0, 1, 0], [1, 0, 0, 1, 1, 3], [1, 0, 0, 3, 1, 0], [1, 0, 0, 1, 1, 3], [1, 3, 0, 0, 1, 0], [1, 0, 1, 1, 3, 1], [1, 0, 3, 1, 1, 1], [1, 0, 1, 1, 3, 1], [1, 1, 1, 0, 0, 3], [3, 1, 1, 0, 0, 1], [1, 1, 1, 0, 3, 1], [1, 1, 1, 0, 0, 3], [1, 1, 3, 0, 1, 1], [1, 1, 0, 3, 1, 1], [1, 1, 0, 1, 3, 1], [1, 1, 0, 3, 1, 1], [1, 3, 1, 1, 0, 0], [1, 1, 0, 1, 0, 3], [1, 1, 3, 1, 0, 0], [1, 1, 0, 1, 0, 3], [1, 1, 0, 3, 0, 1], [1, 3, 1, 1, 0, 0]]
========================================
